5.454149
8574.858515
8786.574115
9976.057462
9978.048294
10942.116205
11572.734637
11679.514132
12106.537530
12782.819890
13586.956522
13910.140492
14176.353842
14291.839360
14690.759512
14361.625736
13524.479308
15757.957769
16110.842597
16139.444803
16260.162602
16321.201240
15024.038462
16329.196604
16655.562958
14056.789429
17633.574326
18132.366274
16281.341583
17790.428749
17556.179775
13831.258645
19105.846389
19440.124417
16852.039097
19459.038723
19171.779141
15453.562046
16614.055491
19976.028765
19275.250578
20157.226366
20202.020202
20563.438207
20889.910173
19124.115510
19766.752323
19723.865878
18751.171948
18932.222643
20584.602717
19928.258270
19944.156362
20016.012810
19944.156362
20416.496529
19051.247857
19790.223630
19786.307875
18939.393939
19535.065442
19425.019425
20218.358269
20242.914980
20408.163265
20588.840848
20383.204240
13250.298132
18148.820327
18695.083193
19504.583577
19131.432944
19040.365575
19212.295869
19755.037535
19230.769231
19406.171162
17470.300489
18611.576401
20345.879959
20275.750203
20383.204240
21017.234132
20768.431983
20445.716622
19673.421208
18433.179724
19798.059790
20618.556701
20060.180542
20068.231989
19924.287707
20699.648106
17310.022503
18433.179724
18268.176836
20230.629173
19944.156362
19747.235387
19638.648861
18875.047188
18580.453363
18031.013343
17361.111111
19264.110961
19654.088050
19596.315893
19727.756954
19932.230417
19391.118868
19600.156801
19798.059790
19485.580670
19087.612140
19904.458599
19523.623585
19353.590091
19845.207382
19630.938359
19619.383951
19727.756954
20751.193194
15470.297030
12087.513598
14251.104461
17029.972752
19179.133103
17901.897601
16545.334216
17513.134851
18106.101756
18470.631696
18726.591760
16647.244881
17006.802721
17199.862401
18811.136193
17476.406851
20777.062123
20458.265139
20230.629173
20445.716622
20230.629173
20271.639976
20185.708518
20312.817388
20060.180542
20145.044319
20329.335231
20008.003201
19801.980198
20538.098172
20084.354288
20300.446610
20487.604999
20846.362310
20622.808827
20032.051282
19723.865878
20304.568528
19860.973188
19669.551534
19550.342131
19964.064684
19596.315893
17179.178835
18171.906233
18311.664530
17995.321216
19845.207382
19770.660340
19554.165037
19916.351324
20479.213598
19197.542715
19600.156801
20084.354288
20288.090891
18993.352327
19790.223630
19829.466587
19853.087155
20437.359493
20202.020202
20145.044319
20781.379884
19996.000800
19323.671498
20157.226366
19825.535289
20124.773596
19817.677368
17012.589316
17796.760989
17825.311943
17889.087657
17091.095539
19650.225978
19580.967300
19361.084221
20815.986678
20242.914980
19459.038723
19245.573518
20462.451402
18882.175227
17956.545161
17818.959373
18758.206715
18932.222643
18843.037498
18986.140118
18539.117538
17982.377270
19531.250000
18484.288355
20746.887967
19364.833462
20635.575733
19527.436048
19892.580068
20279.862097
19102.196753
19778.481013
19665.683382
19312.475859
19688.915141
20475.020475
19857.029388
19650.225978
19538.882376
19561.815336
19577.133908
19160.758766
19398.642095
19770.660340
19546.520719
19346.101760
19459.038723
19577.133908
19538.882376
19443.904336
19692.792438
19845.207382
19466.614756
19535.065442
19391.118868
19577.133908
19353.590091
18867.924528
18601.190476
18158.707100
18274.853801
18211.619013
19252.984213
20321.072953
19685.039370
18497.965224
17711.654269
15057.973197
18278.194114
18989.745537
19428.793472
19146.084626
18946.570671
18885.741265
18409.425626
18989.745537
18968.133536
18318.373328
18656.716418
18392.495862
17911.517105
17988.846915
17863.522687
17889.087657
17934.002869
18331.805683
19223.375625
19603.999216
21101.498206
21065.936381
20517.029134
19988.007196
19391.118868
19083.969466
20108.586366
19642.506384
19960.079840
19900.497512
19790.223630
19349.845201
19282.684150
21258.503401
21097.046414
20678.246485
20820.320633
21012.817819
20521.239483
20185.708518
20312.817388
18942.981625
18828.845792
20695.364238
21326.508851
21155.066638
20449.897751
18989.745537
18978.933384
21101.498206
21052.631579
20920.502092
19716.088328
19346.101760
19762.845850
18917.896330
19735.543714
19774.569903
19833.399445
19383.601473
19357.336431
19131.432944
20068.231989
20206.102243
20742.584526
20441.537204
20412.329047
19920.318725
20379.050336
19500.780031
20060.180542
19920.318725
17667.844523
19394.879752
20279.862097
20283.975659
19825.535289
20686.801820
20374.898126
20230.629173
20076.289902
19546.520719
19305.019305
19398.642095
19603.999216
19920.318725
19342.359768
19825.535289
20132.876988
20627.062706
20321.072953
20433.183490
20202.020202
20593.080725
20733.982998
20652.622883
20601.565719
20525.451560
20345.879959
20420.665714
20267.531415
20060.180542
20088.388911
19538.882376
19980.019980
20504.408448
20048.115477
20283.975659
20197.939810
20433.183490
20145.044319
20076.289902
17674.089784
14775.413712
13421.017313
18211.619013
18412.815319
18251.505749
17927.572607
16722.408027
15053.439711
17439.832578
17695.983012
19062.142585
19417.475728
17211.703959
14880.952381
11247.328759
11435.105775
11697.274535
13691.128149
14090.460758
14120.304999
14907.573047
15845.349390
16423.057973
17193.947730
16191.709845
18014.772113
17755.681818
18642.803878
16744.809109
15830.299193
13651.877133
15342.129488
18148.820327
17442.874586
17664.723547
19025.875190
19342.359768
19845.207382
19146.084626
15089.784216
19275.250578
20008.003201
19758.940921
20759.809010
20755.500208
20622.808827
20977.554017
21026.072330
20635.575733
20968.756553
20550.760378
20837.674516
20981.955518
20781.379884
20383.204240
17196.904557
10632.642212
11646.866993
10836.584309
13846.579895
13281.976358
14326.647564
16136.840407
15979.546181
17105.713308
17298.045321
17655.367232
18284.878406
18234.865062
14096.419509
10504.201681
8858.965273
15117.157974
15223.017202
13747.594171
14446.691708
16023.073225
16534.391534
17170.329670
14762.326543
14579.384750
16431.153467
17346.053773
17319.016280
17721.070353
17364.125716
17325.017325
17146.776406
18412.815319
18681.113394
18818.216033
19904.458599
18935.807612
19868.865488
17969.451932
18331.805683
19794.140934
20157.226366
20008.003201
20076.289902
19860.973188
19459.038723
20580.366331
19853.087155
19665.683382
16877.637131
19286.403086
20358.306189
19837.333862
18885.741265
19607.843137
18946.570671
19512.195122
20491.803279
19821.605550
20165.355919
20218.358269
19592.476489
19234.468167
20116.676725
20185.708518
19197.542715
19538.882376
18882.175227
19249.278152
19615.535504
19634.792853
19731.649566
19766.752323
19592.476489
19619.383951
19603.999216
19719.976336
20441.537204
20550.760378
19219.680953
18436.578171
20618.556701
19646.365422
20145.044319
19600.156801
20716.801326
18119.224497
19417.475728
20644.095789
19685.039370
19342.359768
19723.865878
18331.805683
19766.752323
20635.575733
20020.020020
19661.816752
20112.630732
20437.359493
19301.293187
18832.391714
19512.195122
20024.028835
20733.982998
19786.307875
19928.258270
20000.000000
19988.007196
19305.019305
19841.269841
20678.246485
16860.563143
19546.520719
19557.989439
19376.089905
19353.590091
19896.538002
18152.114721
19312.475859
20703.933747
20210.185934
20370.747606
19372.336304
19603.999216
20466.639378
20060.180542
20345.879959
19361.084221
20350.020350
20500.205002
21172.983273
20682.523268
20470.829069
19928.258270
20020.020020
19349.845201
20116.676725
20889.910173
20729.684909
19972.039145
19904.458599
20072.260136
18730.099270
20554.984584
20096.463023
20691.082144
20350.020350
20593.080725
18031.013343
19516.003123
20304.568528
20136.931132
20703.933747
20755.500208
20907.380305
19234.468167
19956.096588
19876.764063
19623.233909
20136.931132
20165.355919
19425.019425
16972.165648
18504.811251
19402.405898
19349.845201
19673.421208
19794.140934
20325.203252
19554.165037
20000.000000
19888.623707
19554.165037
19888.623707
20479.213598
20399.836801
20145.044319
20635.575733
20550.760378
20076.289902
20275.750203
20300.446610
20462.451402
19727.756954
20567.667626
20325.203252
19142.419602
19190.174631
19447.685725
18892.877385
19880.715706
19127.773527
18372.221202
19230.769231
19992.003199
19015.021867
19319.938176
19098.548510
19440.124417
19940.179462
19319.938176
19531.250000
19685.039370
19208.605455
14667.057788
18511.662347
18258.170531
18556.318426
17998.560115
18628.912072
17699.115044
19447.685725
19398.642095
18917.896330
19109.497420
19451.468586
19338.619223
19786.307875
19712.201853
19638.648861
19175.455417
19731.649566
19500.780031
19665.683382
19892.580068
19712.201853
19361.084221
20104.543627
19912.385504
20032.051282
18758.206715
20525.451560
19888.623707

