17.867442
11285.407967
11103.708639
11755.025273
12040.939193
11636.025134
13269.639066
13954.786492
13428.226131
14146.272457
13711.778418
14236.902050
12729.124236
12993.762994
13413.816231
13842.746401
14729.709825
14710.208885
15080.681647
18096.272168
18274.853801
13099.292638
18228.217280
16334.531199
15455.950541
17780.938834
17724.211273
17979.144193
18549.434242
19766.752323
20076.289902
20333.468890
20661.157025
20479.213598
20881.186051
21226.915729
21514.629948
21925.016444
21496.130696
22471.910112
22182.786158
22202.486679
22629.554198
22466.861379
22904.260192
22747.952684
22471.910112
21939.447126
21208.907741
20462.451402
20512.820513
19743.336624
20064.205457
21556.369907
22336.385973
22899.015342
22935.779817
21417.862497
22182.786158
21843.599825
21944.261576
23562.676720
22466.861379
16474.464580
22578.460149
22805.017104
22629.554198
22026.431718
21290.185225
22153.300842
22386.389075
22547.914318
18395.879323
13823.610727
22993.791676
22941.041523
23185.717598
23126.734505
22456.770716
21973.192705
21997.360317
21353.833013
22391.401702
22983.222248
22773.855614
22867.596616
22999.080037
22036.139268
21834.061135
21963.540523
21505.376344
21533.161068
22316.447222
22737.608004
22456.770716
22588.660492
22517.451025
22857.142857
22487.069935
22753.128555
22727.272727
22629.554198
22706.630336
23041.474654
22737.608004
22977.941176
22930.520523
22773.855614
21612.275773
22753.128555
22951.572183
22930.520523
23030.861354
20820.320633
20815.986678
23380.874445
22686.025408
23315.458149
22660.321777
22956.841139
22820.629849
23142.791021
22426.553039
22598.870056
22542.831380
22366.360993
22532.672375
22522.522523
16082.341589
21362.956633
22441.651706
22065.313327
21195.421789
21372.088053
20868.113523
20929.259104
20898.641588
20721.094074
21083.702298
21070.375053
20824.656393
20802.995631
20712.510356
21263.023602
21097.046414
21213.406873
21528.525296
20691.082144
20846.362310
21101.498206
20916.126333
21172.983273
20517.029134
20999.580008
20938.023451
20903.010033
21376.656691
20504.408448
20986.358867
21132.713440
21353.833013
20986.358867
20559.210526
21003.990758
21101.498206
21168.501270
20868.113523
20712.510356
21012.817819
20644.095789
21413.276231
20247.013565
21272.069772
20682.523268
20759.809010
21510.002151
21514.629948
21226.915729
20601.565719

