18.314623
177.856193
193.187811
255.828411
385.240660
221.583569
190.534621
192.706075
318.225068
386.436093
188.459494
115.965155
252.049795
377.311505
357.661466
381.813461
259.875935
162.903063
360.781597
379.957977
379.562820
378.366516
379.652163
386.319649
385.222851
461.808442
459.442696
364.584283
353.112332
338.260664
339.139400
362.673630
380.901594
508.044891
528.362499
515.434692
487.645501
388.218350
376.914727
363.361530
387.565353
404.421132
504.164398
510.480158
509.167562
505.014797
421.546062
363.578191
361.793192
359.085768
486.473602
486.383689
366.866120
365.815293
362.781518
365.465018
366.132723
372.947854
366.410424
364.473991
354.606157
321.956465
152.323389
234.938669
375.534667
376.098207
380.154419
385.842661
370.842852
381.826582
296.828389
382.650621
379.485039
378.750578
376.112352
346.655296
366.225243
395.657266
515.971910
516.635669
504.622341
503.684452
277.702952
110.834517
326.303665
353.745636
369.017307
381.289368
359.440710
348.464838
364.089158
456.439679
385.040410
385.067098
383.028762
365.003468
354.070035
364.484619
442.022163
534.507825
522.348689
524.034859
472.509403
491.557500
502.515088
485.215484
331.566086
359.394205
436.168867
348.819768
365.166078
369.886778
360.281163
356.351248
359.083189
328.364090
344.623189
347.065561
355.652925
363.979166
376.791171
348.045204
458.198547
413.583745
359.136062
364.414222
356.167213
350.983104
374.523419
393.638797
422.422169
341.943470
366.918617
364.765146
368.700295
369.123553
373.778678
438.529173
511.009704
388.233421
384.606509
375.069857
378.272053
166.226167
355.827566
382.570106
376.636486
360.855806
345.472070
354.179137
358.973623
432.540918
333.464496
134.391081
124.574888
355.101026
370.126361
369.907301
375.231706
382.286378
331.453989
198.423722
372.718497
378.822317
375.938436
382.791237
364.223094
173.699167
369.484975
150.050117
160.639216
212.654201
378.190510
183.346290
131.250476
217.493905
374.381802
362.086633
366.337939
139.366218
187.384875
362.724935
364.250954
134.581351
149.126195
292.273744
117.015725
134.644592
367.072159
374.701644
380.589914
386.549619
275.156151
179.182569
383.130019
379.832418
358.586166
363.516073
364.970164
363.383977
373.263856
369.877201
349.611232
357.117349
349.006031
372.202433
366.676445
365.986663
369.838898
364.272184
358.933680
352.544667
357.614141
368.226474

