14.120706
79.884838
104.408001
111.181526
120.865201
104.929482
114.478037
126.613050
123.547697
135.098257
137.283624
140.571253
137.365468
136.438678
138.211843
144.081838
141.491547
144.199018
148.083211
139.960167
141.930136
141.815609
143.624921
144.654579
152.265868
147.694998
151.681311
151.532141
150.222780
154.642204
158.678273
148.829899
152.186154
146.400238
145.840838
145.818934
134.709889
136.133509
146.873935
136.916905
147.947378
149.710908
145.194779
154.055432
156.053714
157.767029
155.402570
156.392953
157.899058
152.329189
133.245569
135.140431
143.776491
140.779638
141.565860
142.000676
135.808304
139.973293
134.801956
138.194271
135.176967
135.381566
137.905736
140.606831
141.112986
141.787257
147.218382
144.163262
148.715470
145.915745
151.315232
151.263962
152.168786
158.649323
151.154442
152.594410
143.860053
149.896946
146.609938
145.726710
148.062162
144.108000
129.481852
127.743613
140.233966
133.472857
122.388535
126.863788
126.045707
130.511841
118.836966
129.469280
114.782361
108.289332
105.778802
