11.008964
917.145111
964.348052
1142.321883
1284.752557
1224.184999
1317.488340
1335.363085
1479.355593
1474.121792
1533.789380
1600.947761
1600.460933
1609.088130
1609.761594
1611.551602
1613.267512
1614.726304
1625.593342
1622.902399
1625.117821
1609.917089
1613.710081
1627.816122
1603.514905
1600.409705
1595.736193
1611.603546
2044.906139
1588.007368
1659.585767
1475.600938
1452.960407
1579.205028
1594.489444
1598.210005
1491.802545
1481.240094
1547.125441
1532.825457
1479.662045
1517.911354
1442.793248
1532.590538
1592.483478
1588.764259
1502.426419
1483.833633
1476.385218
1513.821187
1531.487381
1539.100857
1591.013953
1576.565924
1608.648092
1628.187176
1462.073805
1492.314580
1459.236236
1544.282295
1522.858100
1596.245630
1501.231009
1544.998069
1571.709234
1398.562278
1472.970982
1539.408867
1543.829314
1593.854099
1589.016716
1603.129308
1600.922131
1561.914282
1611.811354
1631.720649
1616.788734
1565.043195
1570.549064
1590.634345
1573.489843
1579.155152
1578.806107
1555.693839
1580.577859
1575.820609
1457.534726
1556.347564
1471.215666
1524.994663
2685.717355
3173.797131
2987.303958
3054.274457
1679.627794
1600.537781
1605.445672
1582.203376
1540.476007
1543.829314
1601.075923
1640.958320
1639.639935
1477.628701
1354.536342
1454.270465
1466.146673
1525.855624
1581.052665
1631.294759
1626.651051
1566.342434
1588.991467
1541.734760
1602.461381
1631.002088
1596.933887
1616.004913
1551.301542
1561.963075
1532.661006
1519.641365
1547.748027
2401.825387
3133.617448
1638.108967
1633.506485
1631.507676
1626.386494
1616.553508
1625.910510
1612.279118
1622.165266
1576.068969
1611.759397
1609.243495
1615.639389
1613.527817
1610.643130
1668.168018
1666.222341
1672.632389
1671.318503
1659.062630
1535.060788
1603.669195
1635.563697
1637.679735
1592.153866
1441.005245
930.059524
1065.882177
1138.978109
1249.718813
1934.123745
2253.267237
1513.844104
1517.819197
1512.836417
1523.554147
1543.710153
1565.435191
1603.437771
1623.244866
1582.578971
1621.034544
1668.168018
1674.789395
1657.879903
1518.257041
1619.275860
1693.336720
1678.556441
1676.951972
1678.950991
1537.231753
1567.177044
1647.799364
1612.305113
1645.521713
1621.560265
1570.647735
1632.413196
1541.188256
1515.128559
1553.277415
1625.751910
3055.114261
3212.128999
3193.561779
2013.612017
1598.082301
1599.232368
1614.569879
1599.513748
1609.657948
1618.096795
1584.735825
1629.168635
1597.214458
1594.235245
1630.496812
1632.093486
1647.283629
1585.188003
1615.247941
1512.699109
1580.253157
1573.168046
1560.208444
1615.978798
1610.020769
1600.256041
1212.503334
1288.825880
1399.717257
1593.600102
1503.103910
1374.589341
1867.169558
3242.647297
1901.032261
1654.971534
1424.501425
1551.421878
1586.294416
1592.407402
1624.193994
1671.709657
1492.025126
1616.788734
1586.495748
1622.902399
1619.800441
1618.044432
1610.954491
1522.603042
1530.385810
1399.462606
1385.559697
1415.107690
1450.999739
1566.048078
1583.907500
1555.258328
1531.721962
1544.592382
1589.471342
1592.077821
1632.519794
1617.887363
1650.519088
1607.406931
1515.702680
1561.792313
1487.055185
1436.245081
1144.990096
1144.321875
1323.223903
1546.957907
1598.951088
1623.772022
1623.877495
1665.944757
1673.696191
1670.174032
1655.793622
1669.309740
1676.698915
1589.951506
1662.593313
1653.821983
1641.604833
1660.495160
1667.945425
1606.993636
1600.768369
1589.648211
1604.492579
1391.904682
1520.057154
1905.269977
3234.257253
3114.294612
3089.661991
3114.391604
1817.719126
1583.857326
1564.455569
1522.858100
1596.092765
1562.573246
1493.139026
1500.735360
1543.138435
1618.542017
1467.933004
1387.347392
1412.329638
1395.731852
1408.252359
1508.068165
1524.041759
1655.272872
1654.341820
1652.100646
1633.106332
1645.630029
1663.838142
1657.742486
1663.672057
1665.500816
1665.556296
1626.492307
1612.123166
1734.364702
1603.643478
1598.567683
1613.189437
1600.409705
1611.240010
1611.967245
1616.762595
1592.762487
1612.383102
1618.542017
1615.822130
1606.787069
1596.194672
1593.092352
1599.257944
1602.949427
1626.968632
1626.201356
1612.773163
1636.500507
1657.907389
1633.586539
1629.301356
1613.345595
1628.478838
1606.890346
1625.619768
1643.736542
1640.689089
1631.214929
1639.666820
2005.133141
3239.076215
3280.624631
3304.911098
3199.385718
3230.391523
3132.439544
2997.961386
3119.248885
3160.056881
3159.158400
3274.608684
3246.858664
3185.626453
3125.976868
3186.844705
3228.201569
3256.692503
3246.015516
3293.156820
3319.832680
3184.003566
3200.716961
1895.662724
1620.010368
1619.721732
1600.640256
1620.036613
1611.006396
1620.771812
1609.761594
1597.826955
1594.794590
1491.958345
1472.623921
1392.350427
1412.549086
1456.282402
1545.021939
1578.008868
1604.003593
1607.045287
1572.772168
2069.579255
2004.932133
1622.454774
1627.975125
1636.527289
1649.620587
1647.147963
1647.365040
1659.420530
1659.282858
1653.904040
1645.223915
1666.000267
1667.806334
1685.118717
1663.616703
1714.942292
1728.937222
1740.492559
1741.432154
1739.281677
1720.400509
1677.796047
1694.972711
1722.890321
1713.062099
1713.502399
1705.495105
1712.651356
1692.476940
1682.963362
1713.766688
1723.216901
1680.841766
2051.913409
1657.660047
1656.259834
1647.555028
1647.310765
1673.948342
1652.919883
1613.033309
1646.307333
1657.302905
1692.964041
1724.316309
1722.860638
1710.103290
1690.417026
1714.001680
1701.519457
1706.193482
1717.976910
1708.379602
1713.238192
1697.792869
1664.724488
1680.474566
1682.821756
1700.969553
1738.737329
1723.989311
1719.660883
1699.524133
1691.904238
1699.813021
1687.564338
1693.996476
2241.298160
3215.951118
1675.715531
1632.999657
1636.232738
1627.498210
1636.045351
1636.205966
1656.589083
1647.799364
1628.319737
1616.004913
1617.259392
1597.801425
1605.626114
1600.999023
1600.025600
1603.952138
1609.813423
1595.227081
1575.473036
1549.858963
1604.827321
1598.210005
1596.067290
1604.878832
1593.295413
1594.794590
1596.500471
1599.436998
1634.708123
1633.986928
1638.645823
1659.668398
1660.908849
1550.099206
1602.255976
1588.410954
1466.727291
1464.471911
1591.039267
1539.645881
1538.840330
1453.805335
1518.349251
1489.824499
1532.895947
1586.143451
1497.925373
1383.853201
1558.627784
1666.638889
1556.420233
1453.615141
1466.232662
1545.499505
1629.009399
1563.623855
1497.297378
1472.363733
1541.663455
1585.288523
1567.398119
1211.093618
2067.397147
1449.107350
1371.403494
1388.696014
1498.104897
1560.111080
1616.501245
1517.473710
1479.005517
1533.083952
1620.482904
1627.233378
1548.970709
1485.663349
1555.016483
1611.629519
1659.392994
1643.061352
1647.256494
1251.423494
1288.261362
1343.291602
1431.618731
1456.791562
1558.773557
1490.623975
1580.477937
1623.297567
1647.907981
1631.720649
2014.585600
2902.673362
1553.639400
1457.470996
1445.044941
1500.938086
1509.821388
1535.532215
1557.680925
1563.379401
1643.061352
1666.638889
1660.329741
1660.054118
1664.807631
1253.227060
1252.238376
1477.781554
1624.378675
1619.800441
1444.022469
1596.220151
1607.381094
1652.619402
1640.823693
1628.160667
1653.083828
1619.302081
1621.586560
1636.420167
1619.249640
1631.401210
2131.650750
1579.379620
1608.855139
1607.045287
1651.118633
1674.032409
1586.722308
1495.394186
1536.357910
1610.487495
1481.525379
1471.648688
1383.068476
1460.024528
1547.963654
1526.368007
1442.210620
1513.179796
1557.268551
1553.398058
1570.327099
1571.635129
1613.215461
1653.165813
1519.341214
1512.607584
1607.561972
1603.900686
1644.304130
1503.917706
1647.636465

