9.852441
4312.575470
4171.533456
4842.615012
5252.376700
5806.863713
5672.793283
6021.194605
6532.105298
6632.619221
6398.362019
5993.766483
6082.725061
6879.944960
6789.327178
7207.726683
7317.965606
7396.996819
7245.326764
7377.351531
7344.840250
7566.585956
8343.066911
7907.013521
7522.756338
8391.373668
8517.162082
9502.090460
8032.773717
9099.181074
8914.244963
9728.572818
10042.177144
10093.873019
9636.696540
9696.499564
10020.040080
9547.450831
9425.959091
8489.685033
8627.383315
8653.513326
8435.970980
9380.863039
8215.576733
8322.929671
9706.853038
9884.353069
9721.007096
9937.394415
10035.122930
10094.891985
10435.145570
10133.765707
10430.791697
10090.817356
9937.394415
10060.362173
9947.279419
10099.989900
10219.724067
10203.040506
10323.113451
10269.049086
10271.158587
10331.645831
10503.098414
10534.077741
10507.512872
10435.145570
10467.915838
10556.317956
10442.773601
10428.616123
10427.528676
10590.976488
10288.065844
10314.595152
10266.940452
9872.642907
10473.397570
10519.671786
10002.000400
10051.261433
10462.439841
10503.098414
10508.617066
10524.100189
10611.205433
10487.676980
10570.824524
10637.166259
10558.547144
10130.685847
9732.360097
9892.175289
10525.207873
10432.968179
10622.477162
10552.975939
10742.292405
10647.359455
10599.957600
10064.412238
10629.251701
10518.565268
10127.607859
9712.509713
10058.338363
10638.297872
10656.436488
10081.661458
10425.354462
10322.047894
10454.783063
10244.851962
10566.356720
10663.254425
10556.317956
10506.408909
10664.391596
10594.342621
10670.081093
10472.300764
10624.734382
10106.114199
10441.683199
10383.137784
10233.319689
10396.091070
10211.375472
10721.561059
10306.090900
10260.619741
10302.905419
10206.164523
10493.179433
10405.827263
10576.414595
10398.253093
10623.605652
8622.176237
10601.081310
10229.132570
10177.081213
10261.672653
10199.918401
10013.016922
10217.635639
10080.645161
10104.071941
10135.819988
10340.192328
10426.441456
10280.662075
10235.414534
10299.721908
10359.473739
10300.782859
10275.380189
10169.836266
10318.852544
10344.470880
10340.192328
10390.689942
9291.953169
10283.833813
10571.942066
10532.968190
10261.672653
10393.929945
10412.328197
10219.724067
10260.619741
10292.301359
10213.461342
10294.420424
10281.719103
10336.985735
10194.719135
10214.504597
10260.619741
10235.414534
10195.758564
10197.838058
10305.028854
7112.375533
6976.906440
7967.492630
8336.112037
7642.338556
8683.570684
8436.682696
9139.932365
8836.264028
9326.618168
9367.681499
9562.057755
9112.447603
8903.926632
10071.507705
10009.008107
10171.905198
9847.365830
9216.589862
9478.672986
9617.234083
9706.853038
9494.872769
9579.461634
9692.740138
9445.546425
9746.588694
9741.841208
9971.083857
9546.539379
9926.543578
9678.668215
9562.057755
9886.307464
9610.764056
9714.396736
9302.325581
9791.442279
9689.922481
9860.960458
9804.882832
10528.532323
10656.436488
10440.593026
8671.522719
8125.457057
8205.464840
9035.056017
10208.248265
10135.819988
6841.817187
6521.030323
7400.828893
7571.168988
7136.230643
8276.090375
8775.778850
8424.599832
9228.497601
9722.897423
9994.003598
10088.781275
10528.532323
7395.902670
6682.258603
7534.659433
7904.513477
8345.155637
9202.171713
9521.089213
9214.891264
9625.565502
9944.311854
10152.284264
10373.443983
10437.323870
10370.216738
9897.070467
10266.940452
10297.600659
9628.345850
10207.206288
10218.679747
9837.678308
10169.836266
9994.003598
9796.238245
10258.514567
9754.194304
9938.382031
10031.096399
9968.102073
9942.334460
10051.261433
9695.559434
9231.053263
10027.073097
10196.798205
10295.480284
9976.057462
10454.783063
10173.974972
10167.768175
10485.477614
10067.451928
10207.206288
10476.689366
10455.876202
10162.601626
9876.543210
10289.124396
10373.443983
9885.330170
10313.531353
10437.323870
9979.044008
10522.992739
10244.851962
9847.365830
10288.065844
10231.225701
10214.504597
10388.531062
10579.771477
10270.103728
9469.696970
9673.986650
10283.833813
9119.095386
10221.813350
10002.000400
9899.029895
10123.506783
9908.838684
9428.625306
9934.432744
9962.143853
9646.922632
10055.304173
9909.820632
9360.666479
9704.027171
10084.711577
9050.592814
8596.234849
9479.571523
9728.572818
8871.540099
9901.970492
9946.290034
10312.467774
10099.989900
10340.192328
10301.844030
10471.204188
10281.719103
9523.809524
6627.344423
7149.495961
7947.862025
9496.676163
9040.773890
9272.997033
9219.988936
9171.787581
9606.147935
10048.231511
9513.842641
9587.727709
9703.085581
9519.276535
9773.260360
10075.566751
9870.693910
10022.048507
10150.223305
9622.786759
10052.271813
10110.201193
9738.046548
10317.787866
10499.790004
9778.038525
10039.152696
10238.558411
9871.668312
9822.217857
9910.802775
9596.008061
12794.268168
16369.291210
10384.215992
9875.567845
10133.765707
10045.203415
10082.677959
10107.135638
10488.777009
10539.629005
9623.712828
10460.251046
10503.098414
9818.360334
10563.008345
10449.320794
9990.009990
10454.783063
10556.317956
10568.590150
6667.111141
7958.615201
7806.401249
8981.498114
8873.901855
7854.842510
8431.703204
8719.916289
9129.085266
9509.319133
9109.957183
9129.085266
9969.095803
9902.951079
10387.451958
10178.117048
10212.418301
10033.109261
10517.458982
10355.182769
10011.012113
10222.858311
10263.779123
9801.038910
10327.377879
10346.611485
10156.408694
10310.341272
10301.844030
10182.262499
10063.399416
10301.844030
10193.679918
8853.474989
9245.562130
10009.008107
7777.259294
10272.213662
10043.185699
10159.504216
10362.694301
10221.813350
10063.399416
10421.008754
10437.323870
10012.014417
9814.505840
10073.536819
9767.532721
9668.374746
9816.432708
9439.305267
8694.140150
8030.193528
7750.135627
7447.125410
7226.477815
6884.681583
7382.798080
7355.104442
7701.786815
7321.180174
7375.175160
7451.564829
8003.201281
8981.498114
9115.770283
8877.840909
9155.832265
9335.324869
9531.071292
9458.053533
5918.910920
7377.895824
7689.941556
8194.034743
8106.355383
8878.629140
9102.494083
9207.255317
10018.032458
10317.787866
10089.799213
9789.525208
9812.579727
9831.874939
10456.969570
10428.616123
10108.157283
9983.028851
10026.067776
9757.049468
10152.284264
9742.790335
10024.057739
9417.082588
9854.158455
10085.728694
9276.437848
9479.571523
9822.217857
9462.528388
9766.578767
9862.905612
10052.271813
9552.010698
9479.571523
9452.689290
10055.304173
9599.692810
9600.614439
9552.010698
9418.856551
8895.214375
9283.327144
9533.797311
9246.417013
9190.331771
9405.568096
9807.767752
9674.922601
9225.092251
9414.422896
10163.634516
10122.482033
9821.253192
10019.036169
8488.243782
9628.345850
10037.137408
6423.845314
9606.147935
9628.345850
9088.430428
9292.816653
9331.840239
8913.450397
8847.208706
8525.149190
8859.750155
9871.668312
9913.750372
9903.931861
10266.940452
10063.399416
9844.457570
9958.175662
10054.293183
9878.494517
10002.000400
9991.008093
9755.145839
10128.633647
10028.078620
9630.200308
9805.844283
8994.423457
9773.260360
9345.794393
9752.291789
9710.623422
9646.922632
9850.275808
9832.841691
9644.131546
10023.053022
9812.579727
9593.246355
10450.412791
13297.872340
9112.447603
9632.055481
9541.984733
9186.110601
9502.993443
9556.574924
9087.604507
8740.494712
8664.760419
8934.155276
9175.995596
9169.264625
8983.918785
9052.231375
7708.317274
9953.219867
9984.025559
9862.905612
10301.844030
10101.010101
9715.340523
10004.001601
9658.103149
9272.997033
9380.863039
9524.716640
9559.315553
10272.213662
9721.952168
9916.699722
9772.305287
8108.327252
6964.758323
7374.087457
7912.018356
8037.939072
8478.887570
8806.693087
8668.515950
8646.779075
9062.075215
9191.176471
9093.389106
9861.932939
6736.274840
6775.067751
7184.940365
7907.013521
7754.943777
6015.761295
7974.481659
8092.579105
8729.812309
8947.745168
8886.519150
9576.709443
9275.577405
8585.164835
9437.523594
10051.261433
9901.970492
9869.719700
9676.795045
9502.993443
6215.813028
6908.940169
7619.047619
8019.246191
8812.125485
8315.316814
8897.588753
8182.636445
9098.353198
9000.900090
9397.613006
9949.258780
9467.903806
9628.345850
9676.795045
9963.136395
9784.735812
9916.699722
9631.127805
9712.509713
9654.373431
9636.696540
9939.369844
9982.032342
7512.583577
7273.785278
7888.923951
8398.421097
8050.233457
8133.387556
8343.066911
8837.825895
8735.913340
8581.481164
9304.922304
8016.674683
8537.522411
9114.108640
9067.827349
10150.223305
10243.802499
10103.051121
10063.399416
9810.654371
9948.269001
9512.032721
9071.117562
9330.969488
9298.865538
10085.728694
10155.377272
10253.255409
10160.536476
10106.114199
9832.841691
9365.049635
9730.466089
9423.294384
9506.607092
9794.319295
9667.440062
9775.171065
9649.715333
9792.401097
9598.771357
9657.170449
9708.737864
9573.958832
9743.739647
9661.835749
9810.654371
9652.509653
9676.795045
9726.680284
9793.360102
9651.578033
8847.991506
9621.860868
8961.376467
9155.832265
9291.089845
8859.750155
9691.800737
8935.751944
9681.479330
9953.219867
9700.261907
9526.531390
9379.983116
9407.337723
9328.358209
9393.199324
9423.294384
8385.744235
10431.879825
9899.029895
10454.783063
10181.225820
10237.510238
9950.248756
10461.345329
10554.089710
9232.757825
9242.998429
9415.309293
9135.757354
9698.380370
9853.187506
9045.680687
9695.559434
9487.666034
9221.689414
9655.305590
9531.071292
8340.979231
9260.116677
9322.270905
8285.004143
8069.071250
8431.703204
9158.347834
9013.881377
8727.526619
9552.923194
9729.519362
9858.044164
10103.051121
10016.025641
9761.811792
10071.507705
10007.004903
9636.696540
9765.625000
9681.479330
9237.875289
9387.027129
9239.582371
9111.617312
9305.788200
9139.932365
8906.305664
9189.487227
9333.582229
9532.888465
9938.382031
9880.446596
9500.285009
9719.117504
10024.057739
9836.710604
10014.019627
10037.137408
9889.240506
9867.771857
10037.137408
10117.361392
10239.606799
10102.030508
10089.799213
10118.385106
10081.661458
10255.358425
9679.605072
10299.721908
10063.399416
9764.671419
10039.152696
10079.629070
9759.906305
10031.096399
9959.167414
9854.158455
6554.798112
6964.758323
8162.598972
8344.459279
7760.962359
8095.199547
7847.445656
8525.149190
8398.421097
8782.715616
8726.764988
9033.423668
8626.639061
9303.190995
9336.196434
9369.436897
9407.337723
9366.804046
9434.852345
9518.370455
9422.406483
9434.852345
9395.847036
9407.337723
9281.603861
9342.301943
9213.193293
9266.123054
9334.453468
9002.520706
9403.799135
9518.370455
9443.762395
9586.808551
9650.646593
9394.081729
9505.703422
9674.922601
9511.128020
9778.038525
9533.797311
9531.979792
9619.084263
9622.786759
9502.090460
9467.007479
9619.084263
9457.159069
9291.953169
9765.625000
9499.382540
9402.914904
10179.153094
9868.745682
10435.145570
10347.682119
10464.629552
10032.102729
8856.611460
8467.400508
9101.665605
9565.716472
9492.168961
9686.168152
9634.839580
8823.788935
9415.309293
9584.052137
10003.000900
9816.432708
10262.725780
9928.514694
9418.856551
9446.438693
9329.228473
9733.307378
9596.008061
9314.456036
9413.536666
9129.085266
9328.358209
9544.716999
9229.349331
9349.289454
9444.654326
9309.253398
6814.310051
5648.441030
6783.340117
7539.203860
6976.419701
7102.272727
7128.599943
7162.297665
7915.149596
7726.184038
7984.669435
7707.723139
8761.938141
8603.630732
9152.480322
8507.742045
8387.150885
9309.253398
8788.890842
8999.280058
5782.686636
6756.756757
6783.340117
7594.167679
7500.187505
8357.011533
8269.930533
8799.718409
9077.705156
8099.789405
9007.386057
9085.127646
9423.294384
10007.004903
10180.189352
9673.986650
10233.319689
9958.175662
9640.412610
10054.293183
9957.184108
13781.697905
6947.821858
6735.367414
7404.116689
7745.333437
7848.061529
7367.567966
7817.997029
7564.868750
7912.018356
7902.639482
7930.843049
8252.186830
8815.232722
8385.744235
8878.629140
9238.728751
9146.620324
9104.151493
9516.558812
9450.902561
9230.201218
9528.346832
9547.450831
9380.863039
9600.614439
9597.850082
8768.084174
9447.331129
9633.911368
9354.536950
9509.319133
9555.661730
9394.964299
9484.966328
9462.528388
9400.263207
9464.319515
9484.966328
9552.923194
9449.116508
9577.626664
9448.223734
9514.747859
9601.536246
9228.497601
9587.727709
9679.605072
9485.866060
9625.565502
7831.466834
9309.253398
9766.578767
9733.307378
9802.960494
10150.223305
10117.361392
9951.238929
10256.410256
10060.362173
9422.406483
9365.049635
9261.831990
9659.969088
10305.028854
10474.494606
10258.514567
10448.229025
10372.368012
10260.619741
9730.466089
9864.851534
9985.022466
10096.930533
10079.629070
10254.306809
8554.319932
8631.851532
8752.735230
9972.078181
9941.346058
9798.157946
8045.699574
7974.481659
8792.754770
9899.029895
9882.399447
9559.315553
9913.750372
9982.032342
9540.164091
9824.147755
9875.567845
9580.379383
9858.044164
9905.894007
9756.097561
10034.115994
9944.311854
9837.678308
9822.217857
10092.854259
10090.817356
9632.983335
10119.409027
9947.279419
9684.292078
9916.699722
9872.642907
9575.792397
9898.050084
9962.143853
9744.689144
10143.016533
9947.279419
9914.733294
10396.091070
10289.124396
10060.362173
10264.832683
10194.719135
9931.472837
10132.738879
9865.824783
10055.304173
9533.797311
9879.470460
9699.321048
9659.969088
9980.039920
10010.010010
10024.057739
9908.838684
9919.650828
9362.419249
9746.588694
10082.677959
9915.716411
9950.248756
10019.036169
9732.360097
9828.009828
9878.494517
9743.739647
10061.374384
9764.671419
9707.795360
10163.634516
8781.944322
10113.268608
10501.995379
10150.223305
10472.300764
8937.349182
8358.408559
8148.631030
10176.045589
8857.395926
9441.979039
9423.294384
9793.360102
9878.494517
10344.470880
10373.443983
10190.563538
10193.679918
10230.179028
9983.028851
9710.623422
10058.338363
10147.133435
9814.505840
10132.738879
9686.168152
9795.278676
10001.000100
9725.734293
9897.070467
9645.061728
9889.240506
9494.872769
9425.959091
9538.344143
9669.309611
10022.048507
10099.989900
9701.202949
10091.835705
10032.102729
9506.607092
10042.177144
17975.912278
14792.899408
9095.043201
9705.910900
9154.994049
9475.978395
9608.917075
9442.870633
8924.587238
9768.486861
9486.765961
9421.518749
9668.374746
9153.318078
8813.678830
9858.044164
9363.295880
9082.652134
9429.514380
9829.942003
9688.044953
9466.111321
9371.192953
9197.939662
8711.560240
6500.682572
7609.770946
8448.086508
7937.137868
8657.259112
9419.743783
9208.951100
9779.951100
10393.929945
9565.716472
9938.382031
9797.198001
9728.572818
9478.672986
9881.422925
9572.125969
10311.404413
10242.753252
9461.633078
9805.844283
9642.271719
10382.059801
9138.261903
9536.524890
8991.997123
9742.790335
10114.291494
9689.922481
7237.461099
9508.414947
9639.483324
10186.411327
9554.748710
9978.048294
10203.040506
10296.540362
9624.639076
9970.089731
10143.016533
9905.894007
8808.244517
7645.259939
7907.638779
9335.324869
9465.215334
9334.453468
9733.307378
8938.946992
8791.208791
8316.008316
9007.386057
8915.834522
7316.894710
8108.984755
7996.801279
9360.666479
9304.922304
9197.093718
10243.802499
9967.108542
10151.253680
10081.661458
10027.073097
10215.548064
10331.645831
9807.767752
6388.959877
7167.431193
7291.286912
7425.007425
8355.614973
9059.612249
8423.180593
8912.655971
8765.010080
8346.548702
9946.290034
9850.275808
10479.983232
9992.006395
10550.749103
10580.890911
9876.543210
10486.577181
10670.081093
10257.462304
10138.902971
10406.910188
10203.040506
9468.800303
9816.432708
9894.132779
9784.735812
9721.007096
9787.608887
9468.800303
9529.254812
9654.373431
9956.192752
10358.400663
9597.850082
9598.771357
9612.611747
10165.700925
9568.462348
9746.588694
10008.006405
9740.892266
9676.795045
10063.399416
9507.510934
9674.922601
9503.896598
9531.071292
9927.529038
10232.272588
9618.159084
9722.897423
9727.626459
9618.159084
9065.361255
7931.472081
8483.922966
8696.408383
8738.203425
8426.019548
8144.648966
8871.540099
9819.324430
9396.729938
9300.595238
8905.512512
9145.783794
8506.294658
7185.972981
7310.475912
7630.675315
7794.839816
8331.250521
9502.090460
8896.005693
9758.953840
9967.108542
10096.930533
8225.713581
7194.244604
7497.938067
7582.650895
7778.469197
7727.975270
8061.265619
8460.952703
8458.805617
8844.861136
9143.275121
8645.283998
8911.861688
9353.661959
9415.309293
10991.426687
9678.668215
9641.342075
9724.788486
9289.363679
9138.261903
9277.298451
9009.820705
9333.582229
9415.309293
9254.974549
9293.680297
9277.298451
9441.087613
9527.439024
9542.895314
9490.367277
9578.544061
9523.809524
9420.631182
9687.106461
9378.223764
9704.968944
9805.844283
9894.132779
9892.175289
9959.167414
10134.792743
9425.070688
9690.861518
9612.611747
9185.266832
9566.631589
9848.335631
9782.821366
10271.158587
9981.036032
9739.943508
10334.849111
10596.587899
10058.338363
10274.324463
10297.600659
10106.114199
10587.612493
10734.220696
10347.682119
9567.546881
10435.145570
10515.247108
6449.532409
7119.464616
7591.861524
6703.760810
8019.889326
8535.336292
9093.389106
8921.402444
9667.440062
10068.465566
9435.742593
9535.615524
9117.432531
9694.619486
10439.503080
10277.492292
10201.999592
10034.115994
10140.959335
9568.462348
9760.858956
10519.671786
10000.000000
9968.102073
9993.004897
10131.712259
10374.520178
10751.532093
10574.177858
10172.939980
10172.939980
9973.072704
9995.002499
10188.487010
10388.531062
9931.472837
10060.362173
9235.315848
9795.278676
9952.229299
9892.175289
9715.340523
10130.685847
10127.607859
10588.733587
10123.506783
9955.201593
6411.078343
7023.458351
7244.801855
7599.939200
7511.454969
8467.400508
5997.361161
6526.563112
7013.606396
7008.690777
7504.690432
7709.505821
8319.467554
8259.684480
8529.512112
8292.561572
8224.360556
8685.079034
8485.362749
8063.215610
9738.046548
9628.345850
9526.531390
9532.888465
9781.864423
9851.246183
9736.150326
9742.790335
9740.892266
9281.603861
9505.703422
9380.863039
8940.545373
8975.854950
9351.037965
9366.804046
9566.631589
9655.305590
9670.244657
9380.863039
9455.370651
9202.171713
9662.769350
9573.042313
9585.889571
9665.571235
9715.340523
7922.047057
9757.049468
9514.747859
9682.416731
9837.678308
10410.160316
9888.262632
9801.038910
9920.634921
9869.719700
9975.062344
9763.718024
6388.143605
6955.554010
6767.273466
7638.252368
7651.694850
7948.493760
8259.002313
8644.536653
8767.315448
6757.669955
9495.774380
10027.073097
9709.680552
9921.619208
9862.905612
9413.536666
9572.125969
9438.414346
9351.912466
9083.477155
8151.952393
8805.917577
9826.078412
10081.661458
9440.196356
6768.189509
7664.009810
8259.002313
8843.296781
9023.641942
9519.276535
9240.436149
8867.606633
8541.168432
9054.690330
9710.623422
10328.444536
10355.182769
10027.073097
9971.083857
9975.062344
9893.153937
10187.449063
10201.999592
10029.084345
10176.045589
10127.607859
10023.053022
10124.531740
9974.067425
10041.168792
9671.179884
9941.346058
9980.039920
9917.683229
10145.074566
10005.002501
9669.309611
10029.084345
9832.841691
9757.049468
9992.006395
9892.175289
9914.733294
10018.032458
9917.683229
8026.326350
8066.467694
8541.168432
9357.162908
10111.223458
10291.242153
9688.044953
10251.153255
10262.725780
8391.373668
8194.034743
7920.164739
7746.533426
9047.317470
6660.450246
7630.093087
7841.907152
8110.300081
8686.587908
8266.512358
7868.439688
8454.514711
9752.291789
9770.395701
9262.689885
9826.078412
10215.548064
10115.314586
9801.038910
10294.420424
10276.436132
9540.164091
9996.001599
10015.022534
9925.558313
10051.261433
10110.201193
9871.668312
9833.808634
9857.072449
10161.568946
10189.525168
10165.700925
10400.416017
9531.071292
10172.939980
10013.016922
9502.090460
10155.377272
10158.472166
9765.625000
10179.153094
9819.324430
9516.558812
9380.863039
10127.607859
10015.022534
10158.472166
10184.336490
10080.645161
10169.836266
10290.183165
10213.461342
9964.129135
10275.380189
10348.752975
9131.586157
10079.629070
10103.051121
9758.953840
9339.684319
10043.185699
9569.377990
10096.930533
10062.386798
9766.578767
9797.198001
9925.558313
9758.001561
10043.185699
10104.071941
9859.988168
10099.989900
10121.457490
9967.108542
10024.057739
10069.479408
9843.488532
9749.439407
9784.735812
9882.399447
9475.080538
9653.441452
9730.466089
9816.432708
9945.300845
9763.718024
9625.565502
9991.008093
10095.911156
8063.215610
5469.561888
6647.610184
7614.406457
7753.741180
8202.772537
8617.718028
8553.588230
8449.514153
7882.705344
9464.319515
10070.493454
9565.716472
9169.264625
9992.006395
9465.215334
9542.895314
9395.847036
9004.141905
9534.706331
9976.057462
9638.554217
9860.960458
9942.334460
9799.118079
10044.194456
9979.044008
10260.619741
10346.611485
10631.511801
10646.225913
10186.411327
10422.094841
10164.667615
10345.541072
10650.761529
10682.619378
10598.834128
10299.721908
10678.056594
10626.992561
9801.038910
9848.335631
9809.691976
9844.457570
9999.000100
10108.157283
10058.338363
10109.179135
10275.380189
10229.132570
10567.473317
12285.012285
11153.245594
9531.979792
10029.084345
9858.044164
9863.878477
10451.505017
10364.842454
9882.399447
10484.378276
10048.231511
9841.551028
9991.008093
10170.870627
10013.016922
9553.835865
9688.044953
9951.238929
9889.240506
9789.525208
9697.439876
9868.745682
9986.019573
10084.711577
9482.268159
9766.578767
9850.275808
8951.750067
9258.402000
9166.743056
9068.649678
9280.742459
9433.072352
9473.285335
9218.289086
9098.353198
9357.162908
9486.765961
9206.407660
9469.696970
9345.794393
9130.752374
9403.799135
9387.027129
9212.344542
9176.837662
9368.559116
9181.050312
9211.495947
9365.926758
9158.347834
9231.905465
9307.520477
9291.089845
7826.563356
9969.095803
9884.353069
10470.107842
10674.637062
9931.472837
10228.086325
10084.711577
9924.573243
10127.607859
10274.324463
9849.305624
9817.396426
9967.108542
9854.158455
9522.902581
10042.177144
9905.894007
5960.541217
6964.758323
6677.796327
7689.941556
7685.804319
8128.098838
7613.247050
8067.118425
8037.939072
8591.803420
8991.188635
9529.254812
8458.090163
9929.500546
9804.882832
9895.111815
10050.251256
9788.566954
9563.886764
9551.098376
9396.729938
9836.710604
9542.895314
9916.699722
9639.483324
9892.175289
9790.483650
9576.709443
9640.412610
9807.767752
9689.922481
9842.519685
9853.187506
9582.215408
9758.001561
9605.225243
9498.480243
9846.396219
9699.321048
9696.499564
10177.081213
10372.368012
10300.782859
9559.315553
10210.332857
10471.204188
9847.365830
9887.284952
10003.000900
10181.225820
10551.862404
10542.962572
10054.293183
10204.081633
9954.210631
10055.304173
10570.824524
10411.244144
10083.694666
9207.255317
7388.798581
9160.864786
9452.689290
9558.401835
9541.074325
9601.536246
9282.465423
9396.729938
9578.544061
9503.896598
9254.118083
9132.420091
9203.865624
9140.767824
9291.089845
9396.729938
6673.340007
6772.773451
6928.566480
8256.274769
8998.470260
8089.305938
8623.663332
8990.380293
9506.607092
9739.943508
9750.390016
9444.654326
8313.242996
9750.390016
9936.406995
10307.153164
10182.262499
9801.038910
10213.461342
9927.529038
10158.472166
10243.802499
10165.700925
10050.251256
10127.607859
10000.000000
9907.856931
10267.994661
10391.769718
10000.000000
9986.019573
9984.025559
10144.045445
10159.504216
10186.411327
10428.616123
10368.066356
10406.910188
7989.773090
7407.407407
9062.075215
11087.703737
15046.644598
9464.319515
9683.354314
9555.661730
9505.703422
9630.200308
9468.800303
9319.664492
9492.168961
9179.364788
9306.654258
9457.159069
9186.110601
9198.785760
9358.038555
9230.201218
7441.029839
5756.058251
6334.325711
6537.656904
6733.553296
7398.638650
7648.768548
8149.295086
8649.770781
8021.819349
8077.544426
7639.419404
7580.351728
7617.306520
9008.197460
8462.384700
9221.689414
9155.832265
9562.057755
9544.716999
10048.231511
9879.470460
10256.410256
9979.044008
10065.425264
10144.045445
9729.519362
8944.543828
8983.918785
8661.758337
8831.581736
8995.232527
7726.781023
8338.892595
8180.628272
8364.700962
8587.376556
9167.583425
9754.194304
9804.882832
9737.098345
9928.514694
9683.354314
10278.548669
10021.044193
6979.341150
8443.093549
8599.191676
7817.997029
7382.798080
7832.080201
9495.774380
9854.158455
8453.799983
9561.143513
9820.288716
9583.133685
9970.089731
10106.114199
9871.668312
10589.854919
10181.225820
10400.416017
9480.470231
9258.402000
8958.165368
9088.430428
10185.373803
9681.479330
9741.841208
10446.046172
10313.531353
10629.251701
10531.858873
9476.876422
10332.713371
10315.659171
10140.959335
10015.022534
9862.905612
10084.711577
10159.504216
10189.525168
10263.779123
10376.673239
10558.547144
10604.453871
10038.144951
10428.616123
10178.117048
9674.922601
10127.607859
10465.724751
10282.776350
9976.057462
10407.993339
10203.040506
10231.225701
10134.792743
10490.977759
10428.616123
10301.844030
10157.440325
10196.798205
10192.640913
10154.346060
9858.044164
10050.251256
10095.911156
9919.650828
10016.025641
10147.133435
6341.154090
6810.133479
7800.312012
8874.689386
8825.346395
8541.898010
9359.790341
8463.100880
9441.979039
9758.001561
8472.422266
8268.562924
8239.947264
8858.180530
8548.469824
8952.551477
9840.582562
9960.159363
10368.066356
9991.008093
10056.315366
9894.132779
10166.734445
10153.315057
10429.703796
10195.758564
9894.132779
10434.056761
10338.054378
9587.727709
9711.566476
9665.571235
10013.016922
10074.551682
9675.858732
9535.615524
9495.774380
9623.712828
9759.906305
10382.059801
9844.457570
9758.953840
9945.300845
9688.044953
9548.362456
8249.463785
8428.860418
9858.044164
9209.799226
10400.416017
10550.749103
10123.506783
9833.808634
10178.117048
10172.939980
10129.659643
10426.441456
10484.378276
11433.798308
9668.374746
9653.441452
9898.050084
10287.007510
10215.548064
10189.525168
9598.771357
9933.445912
9986.019573
9573.042313
9588.647042
9713.453133
10123.506783
9624.639076
10222.858311
10088.781275
10206.164523
9956.192752
10119.409027
10091.835705
9426.847662
9795.278676
9746.588694
9964.129135
9781.864423
10031.096399
8949.346698
6704.659739
6704.659739
6877.579092
6237.524950
6994.474365
7756.146746
7796.055196
8516.436723
8359.806052
8418.925745
8441.668074
8861.320337
8948.545861
9651.578033
9360.666479
9095.870475
9241.290084
8915.834522
9245.562130
9651.578033
9377.344336
9912.767645
10003.000900
7892.659826
9849.305624
9842.519685
9254.974549
9516.558812
9836.710604
9320.533134
9761.811792
9635.767971
9636.696540
9620.009620
10313.531353
9942.334460
10354.110582
10365.916865
9821.253192
9781.864423
9843.488532
10083.694666
10132.738879
9761.811792
9861.932939
10284.891494
10338.054378
10175.010175
9588.647042
10123.506783
9750.390016
9981.036032
10495.382032
10531.858873
9670.244657
7007.708479
8102.414520
8433.836552
9315.323707
9022.827754
9740.892266
9479.571523
9632.983335
9770.395701
9696.499564
9448.223734
9338.812103
9344.047842
9280.742459
9083.477155
8650.519031
8453.085376
9245.562130
9272.137228
9247.272055
9689.922481
9329.228473
9143.275121
9296.272195
9090.909091
8985.533291
9232.757825
8501.955450
9636.696540
9670.244657
9434.852345
9179.364788
9242.998429
9212.344542
9322.270905
9324.878777
9257.544899
9338.812103
9170.946442
9294.544103
9341.429239
9538.344143
9048.954846
9474.182852
9502.090460
9125.752875
9445.546425
9685.230024
9923.588370
9679.605072
9994.003598
10333.781131
10382.059801
10338.054378
10091.835705
10334.849111
10312.467774
10315.659171
9802.960494
8013.462617
9825.112989
9551.098376
10227.040295
8354.218881
10285.949393
10222.858311
10577.533319
10120.433155
10203.040506
9193.711501
9246.417013
9525.623928
9277.298451
9469.696970
9800.078401
9465.215334
9925.558313
10088.781275
9502.993443
9525.623928
9231.905465
10087.763543
9863.878477
10031.096399
10026.067776
9585.889571
10140.959335
10128.633647
9777.082519
10340.192328
10031.096399
9831.874939
9910.802775
10291.242153
9429.514380
10580.890911
9894.132779
9510.223490
9552.010698
9648.784253
9909.820632
9697.439876
9665.571235
9437.523594
10360.547037
10356.255178
10937.329104
9828.975821
9985.022466
10246.951532
9453.582908
9731.413001
9610.764056
9822.217857
9728.572818
9731.413001
9657.170449
10016.025641
10126.582278
9844.457570
9996.001599
10104.071941
9809.691976
9824.147755
9607.993851
9653.441452
9412.650602
9425.070688
9378.223764
9521.089213
8908.685969
9196.247931
9365.049635
9242.998429
9436.633009
9737.098345
9705.910900
9697.439876
9721.952168
9812.579727
9647.853353
9565.716472
9814.505840
9803.921569
9748.488984
9713.453133
9435.742593
9818.360334
9711.566476
9632.983335
9696.499564
9848.335631
9760.858956
9527.439024
9998.000400
9701.202949
9456.264775
9835.743090
9878.494517
9694.619486
8952.551477
10070.493454
9702.144174
9836.710604
10261.672653
9733.307378
9583.133685
9038.322487
9170.946442
9169.264625
8742.787201
8986.340762
8947.745168
8552.125203
7827.175955
8912.655971
8400.537634
9090.909091
9927.529038
9775.171065
10187.449063
10067.451928
9944.311854
10145.074566
9973.072704
9890.218574
10015.022534
10149.193139
10449.320794
9714.396736
9878.494517
9871.668312
10238.558411
10406.910188
10133.765707
10185.373803
9879.470460
9906.875372
9498.480243
9632.055481
9244.707405
9946.290034
9689.922481
9414.422896
9779.951100
10385.294423
9360.666479
10159.504216
10112.245930
9959.167414
10513.036165
9934.432744
9597.850082
9655.305590
9667.440062
9983.028851
9456.264775
9848.335631
9615.384615
10066.438494
10189.525168
10212.418301
10342.331161
10019.036169
9929.500546
8365.400703
7099.751509
7296.607078
7737.542556
9027.715085
8777.319407
8347.942232
8533.151293
8352.125616
8455.944529
7624.857034
7933.989210
7762.167197
8341.675008
8735.150245
9299.730308
9384.384384
9365.926758
9422.406483
9427.736400
9790.483650
9500.285009
5846.585594
6676.458806
7345.379756
7777.864198
8171.937566
5664.759531
8419.634588
8353.521009
9022.013713
8570.449092
8907.892393
8781.173165
8873.114463
8820.675664
8873.901855
9873.617694
9765.625000
9953.219867
9623.712828
9823.182711
9738.994936
9900.990099
9850.275808
9989.012087
9102.494083
9976.057462
10559.662091
10103.051121
10113.268608
9881.422925
10107.135638
10325.245225
9684.292078
10485.477614
10023.053022
10521.885522
10305.028854
9919.650828
10291.242153
10390.689942
9953.219867
9797.198001
10325.245225
10327.377879
9888.262632
9587.727709
10235.414534
9307.520477
9807.767752
9758.001561
10297.600659
9598.771357
9217.439395
10156.408694
10149.193139
10136.847440
9759.906305
10012.014417
9914.733294
9218.289086
9495.774380
9402.914904
8994.423457
9153.318078
9379.983116
9205.560158
9379.103358
9488.566278
9092.562284
9507.510934
9325.748391
9183.579759
8899.964400
6225.487144
7300.335815
7691.716022
7568.876779
7576.331540
8727.526619
8332.638947
8777.319407
8596.973865
9124.087591
9688.983626
9048.954846
9867.771857
9653.441452
9647.853353
9841.551028
9911.785112
9810.654371
10045.203415
9657.170449
9801.038910
10003.000900
9866.798224
9751.340809
9968.102073
9110.787172
9640.412610
10660.980810
10265.886459
10339.123242
9484.066768
10013.016922
9095.043201
9518.370455
10026.067776
10317.787866
10241.704220
10197.838058
9363.295880
10264.832683
10072.522160
10071.507705
10224.948875
9516.558812
9297.136482
9579.461634
9536.524890
9871.668312
9747.538746
9760.858956
9738.994936
10118.385106
10190.563538
10187.449063
10148.163182
9857.072449
10249.051963
10029.084345
10157.440325
10349.824053
10084.711577
10164.667615
9747.538746
9750.390016
9919.650828
9553.835865
9732.360097
9635.767971
9819.324430
9684.292078
9995.002499
9794.319295
9055.510278
6820.817134
8046.346958
8535.336292
9029.345372
8709.284097
9297.136482
9208.103131
9363.295880
9524.716640
10083.694666
10285.949393
10281.719103
10052.271813
10229.132570
9884.353069
10366.991499
10505.305179
10446.046172
10132.738879
10425.354462
10439.503080
10531.858873
10439.503080
10441.683199
10472.300764
10486.577181
10482.180294
10323.113451
10492.078481
10484.378276
10328.444536
10510.826151
10436.234607
10336.985735
10362.694301
10537.407798
10520.778538
9144.111192
6074.596039
6374.298827
6554.368487
6706.458319
6904.646827
7526.719855
8139.345597
8443.806468
8566.044201
7674.008134
8681.309141
9217.439395
8596.234849
9453.582908
9951.238929
10200.958890
10456.969570
10398.253093
10411.244144
10181.225820
10364.842454
10518.565268
9744.689144
9645.992090
9844.457570
9699.321048
9866.798224
9211.495947
9701.202949
9761.811792
9095.043201
9878.494517
9552.923194
9935.419771
9966.115208
10690.613641
10414.496980
10377.750104
10399.334443
10333.781131
10313.531353
10204.081633
10298.661174
10391.769718
10388.531062
9712.509713
9387.027129
9361.542782
9271.277582
9175.153684
9192.021325
9163.383121
9148.293843
8285.004143
5780.680964
6806.888571
7049.203440
8840.951286
8828.462965
8256.956486
7711.289328
9056.330375
8785.030308
8716.116099
8985.533291
9784.735812
8811.349018
9754.194304
10432.968179
10319.917441
10019.036169
10385.294423
10222.858311
10529.640939
10269.049086
10493.179433
10383.137784
10403.662089
10098.969905
10432.968179
9906.875372
10190.563538
10350.895352
10232.272588
10527.423939
10281.719103
10234.367004
10232.272588
10370.216738
10331.645831
10335.917313
10425.354462
10019.036169
10311.404413
10339.123242
10467.915838
10078.613183
10300.782859
10459.156992
9801.038910
9727.626459
9518.370455
9802.960494
10033.109261
9726.680284
10016.025641
7068.636460
10509.721492
10497.585555
10313.531353
10217.635639
10215.548064
9926.543578
10180.189352
9407.337723
9064.539521
9148.293843
9304.922304
9309.253398
9336.196434
9349.289454
9197.939662
9589.566552
9654.373431
9873.617694
9803.921569
9622.786759
9710.623422
9746.588694
9976.057462
9867.771857
9803.921569
10305.028854
10415.581710
10434.056761
10473.397570
10443.864230
10460.251046
9963.136395
10102.030508
9873.617694
9881.422925
10117.361392
9862.905612
9529.254812
9580.379383
9683.354314
9807.767752
9862.905612
9873.617694
9939.369844
9558.401835
9654.373431
8772.699360
8813.678830
8921.402444
8653.513326
9362.419249
9805.844283
9730.466089
9716.284493
10164.667615
9938.382031
10162.601626
9963.136395
10189.525168
10090.817356
10117.361392
10186.411327
10123.506783
10091.835705
9607.993851
9820.288716
10118.385106
8877.052818
9361.542782
9438.414346
9445.546425
9630.200308
9553.835865
9431.293030
9687.106461
9444.654326
9607.070804
9779.951100
9609.840477
9552.923194
9392.317085
9463.423867
9409.108017
9724.788486
9635.767971
9170.946442
9692.740138
9660.902328
9991.008093
9925.558313
9994.003598
9860.960458
9928.514694
10075.566751
9803.921569
10119.409027
6450.780544
7390.436775
7268.498328
9553.835865
8593.280055
9484.966328
10053.282397
7880.841674
5987.306909
6655.131106
6223.162611
6116.582054
6220.839813
6361.727845
6556.517178
7240.605315
7283.851701
7778.469197
7986.582541
8128.098838
8443.806468
8411.136345
8801.267383
8514.986376
8441.668074
9463.423867
9144.947417
10118.385106
9862.905612
10498.687664
10489.877268
9932.459277
8511.362669
7252.683493
7317.965606
7981.482960
5701.904436
5985.873339
6189.267810
6833.401667
7323.324789
6947.821858
7478.872186
7857.311228
8061.265619
8185.985593
8768.853034
8005.123279
7591.861524
8050.881572
9354.536950
8899.172377
9436.633009
8812.125485
9666.505558
10081.661458
10272.213662
10245.901639
9818.360334
9455.370651
9914.733294
9879.470460
9834.775767
9662.769350
9778.038525
9578.544061
10047.221943
9738.046548
10092.854259
10586.491637
10169.836266
10339.123242
10292.301359
10152.284264
10102.030508
9510.223490
8469.551961
8816.009874
8417.508418
8176.614881
8664.760419
7756.748371
8339.588024
6453.278265
8371.002846
8226.390260
8991.188635
8660.258076
8826.904405
9134.088418
8497.620666
9195.402299
9508.414947
9347.541597
9438.414346
9373.828271
9350.163628
9242.144177
9400.263207
9140.767824
9025.270758
8932.559178
9851.246183
9671.179884
9920.634921
10045.203415
9899.029895
9544.716999
10039.152696
9804.882832
9169.264625
9368.559116
9054.690330
9782.821366
9547.450831
9713.453133
9803.921569
9149.130833
9622.786759
9679.605072
9833.808634
9560.229446
9712.509713
9819.324430
9924.573243
9703.085581
9629.272990
9905.894007
9743.739647
9556.574924
9716.284493
9773.260360
10437.323870
9693.679721
10101.010101
9666.505558
9388.789785
9165.062781
9650.646593
9345.794393
9602.458229
9593.246355
9688.044953
9222.539887
9589.566552
9693.679721
9722.897423
9767.532721
10365.916865
9297.136482
9894.132779
9707.795360
10107.135638
9772.305287
10059.350166
9579.461634
9669.309611
9655.305590
9584.970766
9458.948165
9595.087315
9649.715333
9888.262632
9884.353069
9854.158455
9616.309261
9903.931861
9652.509653
10217.635639
10295.480284
9775.171065
9867.771857
9853.187506
9480.470231
9619.084263
7908.889592
7792.410192
8325.701440
7344.300823
8295.313148
9031.791908
9574.875527
9716.284493
9622.786759
9640.412610
9609.840477
9674.922601
9521.089213
9967.108542
6343.165239
8236.553826
8817.564589
8352.125616
8990.380293
7312.614260
8336.112037
9250.693802
9057.150620
9352.787131
9077.705156
9487.666034
9688.044953
9650.646593
9884.353069
10025.062657
9239.582371
7570.022710
7034.822371
7833.920877
9755.145839
9516.558812
9900.990099
9298.865538
9378.223764
9367.681499
9336.196434
9469.696970
9815.469179
6529.972574
6837.139341
7186.489400
7128.599943
8352.823254
7743.534149
7800.312012
8006.405124
8745.845723
8800.492828
8988.764045
5961.251863
6349.609499
6827.336656
7241.129616
7388.798581
8263.779853
7558.578987
7982.120051
7589.556770
6697.475052
6423.432682
7355.645458
7331.915830
8570.449092
8455.229559
9181.050312
8856.611460
9049.773756
9423.294384
8622.919721
9044.044497
9154.155987
9976.057462
10099.989900
10055.304173
10167.768175
10312.467774
10207.206288
10207.206288
10122.482033
10353.038617
10114.291494
10190.563538
9941.346058
7420.048972
9402.030839
9433.962264
9621.860868
9616.309261
9599.692810
9590.486238
9597.850082
9687.106461
9531.979792
9577.626664
9103.322713
9465.215334
9330.969488
9499.382540
9253.261775
9437.523594
9276.437848
9441.979039
9298.865538
9487.666034
9576.709443
9416.195857
9321.401939
9558.401835
9424.182452
9534.706331
9474.182852
9599.692810
9586.808551
9463.423867
9457.159069
9529.254812
9513.842641
9514.747859
9329.228473
9319.664492
9458.948165
9284.189026
9413.536666
9250.693802
10029.084345
10036.130068
10118.385106
10195.758564
10327.377879
9824.147755
10016.025641
9587.727709
10013.016922
10068.465566
10204.081633
10001.000100
10342.331161
10197.838058
9671.179884
9534.706331
9783.778495
9988.014383
10251.153255
10155.377272
10293.360782
10212.418301
10181.225820
10053.282397
10085.728694
10166.734445
10136.847440
10171.905198
10001.000100
10085.728694
10125.556906
9871.668312
9702.144174
10048.231511
10488.777009
9991.008093
10373.443983
10419.922893
10434.056761
9845.426799
9584.052137
9958.175662
9884.353069
9950.248756
8866.034223
9193.711501
9484.066768
9433.072352
9485.866060
9734.254843
9409.993413
8603.630732
8504.847763
9197.939662
9680.542110
9839.614287
7501.875469
8823.788935
8977.466559
9050.592814
9370.314843
9432.182607
9358.038555
9419.743783
8934.155276
7634.170547
6942.515968
6985.679357
7028.394715
7138.268256
7044.237813
7256.894049
8061.265619
7857.928650
7994.883275
8613.264427
7952.918721
7736.345350
8549.931601
8525.876034
8738.203425
8795.074758
8826.904405
9232.757825
9257.544899
9208.103131
9337.940050
9358.038555
10149.193139
10039.152696
10110.201193
10045.203415
10103.051121
9618.159084
8168.599902
6467.468633
6943.480072
7064.641469
7064.142413
7862.871521
8707.767328
8035.355564
8053.475074
8679.048776
8019.889326
9794.319295
8508.465924
8922.994557
9062.896502
9431.293030
9614.460148
9519.276535
9461.633078
9825.112989
9305.788200
8193.363376
9403.799135
9436.633009
9714.396736
10143.016533
9889.240506
10048.231511
9968.102073
8636.324380
6340.752013
7409.053864
8593.280055
8052.178114
8315.316814
8428.150021
9048.954846
8641.548566
9741.841208
9427.736400
9841.551028
9704.968944
9807.767752
9191.176471
9406.452827
9677.731540
9751.340809
9803.921569
8133.387556
9706.853038
9652.509653
9687.106461
9842.519685
9926.543578
9976.057462
9806.805923
10097.950116
10054.293183
9681.479330
9827.044025
9804.882832
9674.922601
9677.731540
9600.614439
9467.903806
9990.009990
10110.201193
10215.548064
10124.531740
9954.210631
9968.102073
9665.571235
9808.729769
9606.147935
9742.790335
9661.835749
9665.571235
9497.578118
9656.237930
9490.367277
9677.731540
9560.229446
9584.052137
9480.470231
9514.747859
9541.984733
9285.051068
9120.758847
9154.155987
8978.272580
8929.368694
9260.116677
9450.009450
9378.223764
9502.993443
9310.986965
9149.967975
9294.544103
9262.689885
9323.140034
9292.816653
9513.842641
9381.743128
9325.748391
9591.406100
9303.190995
9287.638154
9228.497601
9350.163628
9165.062781
9250.693802
9153.318078
9119.927041
9090.082720
9201.324991
9048.136084
9062.075215
9005.763689
9627.418889
9731.413001
9765.625000
10280.662075
9994.003598
9917.683229
9917.683229
10021.044193
9704.027171
10328.444536
10294.420424
10441.683199
10519.671786
10469.011725
4907.734590
6163.708087
6637.021305
7010.164739
7818.608288
8365.400703
7971.938776
7623.113279
6215.813028
6259.780908
6265.664160
6718.624026
6831.534363
7345.379756
7457.121551
7646.429118
7748.334108
7559.721802
9116.601331
9473.285335
9613.535858
9768.486861
9801.999608
9760.858956
9437.523594
9342.301943
9447.331129
9419.743783
10065.425264
10274.324463
10291.242153
10147.133435
9873.617694
9977.052779
10292.301359
10238.558411
10265.886459
10259.567046
10198.878123
10245.901639
10193.679918
8807.468733
9940.357853
9971.083857
10149.193139
9921.619208
10184.336490
10127.607859
9949.258780
7050.197406
9054.690330
9334.453468
8742.022904
7922.674695
7982.120051
8413.967186
9210.647509
8833.922261
8591.065292
9541.074325
9485.866060
9950.248756
10083.694666
10305.028854
10500.892576
10419.922893
10123.506783
5452.562704
6441.638753
6795.324817
7559.721802
8196.721311
7988.496565
7127.075761
7873.395796
8016.674683
8016.032064
8114.248621
8580.008580
9225.943353
8888.888889
9372.949667
8408.307408
9512.032721
9081.827264
9757.049468
9725.734293
9533.797311
9946.290034
9770.395701
9688.983626
9730.466089
10037.137408
9980.039920
9808.729769
9937.394415
9794.319295
7221.259388
9217.439395
9747.538746
9671.179884
9828.009828
9867.771857
9852.216749
9894.132779
9912.767645
9955.201593
9830.908376
9844.457570
9831.874939
7096.728408
6004.924038
6611.133148
7471.049682
8108.327252
7860.399308
8118.201007
8681.309141
8428.860418
8555.783710
9082.652134
9729.519362
9268.699601
9692.740138
10115.314586
10256.410256
10375.596597
10442.773601
10435.145570
10329.511414
10404.744564
10380.982041
9940.357853
10114.291494
10471.204188
10183.299389
9859.016070
10105.092967
10076.582023
9690.861518
10112.245930
9805.844283
10000.000000
10342.331161
10058.338363
10267.994661
10179.153094
10151.253680
10353.038617
10211.375472
10333.781131
10166.734445
10287.007510
10109.179135
10083.694666
10407.993339
10522.992739
10442.773601
10611.205433
10632.642212
10592.098295
10664.391596
10650.761529
10526.315789
10639.429727
10452.597470
10534.077741
10579.771477
10377.750104
10520.778538
10377.750104
10593.220339
10471.204188
10470.107842
10198.878123
9664.637093
9624.639076
10171.905198
10171.905198
9862.905612
10111.223458
8981.498114
8200.082001
8145.975888
7859.163785
8703.220191
9253.261775
8329.168749
8024.394158
9170.105456
9190.331771
9728.572818
9422.406483
8527.330093
10032.102729
10034.115994
9750.390016
10091.835705
9940.357853
10518.565268
10252.204224
10369.141435
10117.361392
10138.902971
10376.673239
10398.253093
10472.300764
10141.987830
10006.003602
10032.102729
9770.395701
10384.215992
10403.662089
9972.078181
10000.000000
9611.687812
10288.065844
10510.826151
9834.775767
9843.488532
10147.133435
10272.213662
9753.242953
10054.293183
10220.768602
9656.237930
9713.453133
10396.091070
10054.293183
10232.272588
10121.457490
10087.763543
10536.297545
10658.708165
8114.248621
9611.687812
10361.620557
10544.074230
10494.280617
10413.412475
10115.314586
10147.133435
10011.012113
10521.885522
10103.051121
10425.354462
10149.193139
10264.832683
10503.098414
8327.088017
7893.282816
8591.803420
8293.249295
7750.135627
7121.999858
7817.385866
7908.889592
8409.721638
8410.428932
8866.820358
8949.346698
8476.012884
8745.080892
8972.633468
9051.412020
9531.979792
9801.999608
9394.964299
9393.199324
9354.536950
9492.168961
9747.538746
9593.246355
9552.923194
9361.542782
8803.591865
9680.542110
9160.025648
9355.412106
9372.949667
9254.118083
9330.969488
9563.886764
9351.037965
9211.495947
9880.446596
10033.109261
9584.052137
8962.179602
8236.553826
9583.133685
10190.563538
10009.008107
9142.439203
10150.223305
9419.743783
8977.466559
9673.050880
9868.745682
9947.279419
9922.603691
10052.271813
9861.932939
10242.753252
9604.302728
9693.679721
10127.607859
9969.095803
9864.851534
9906.875372
9973.072704
9984.025559
9798.157946
9501.187648
9850.275808
8917.424648
9601.536246
9727.626459
9640.412610
9944.311854
9665.571235
9932.459277
9963.136395
9895.111815
9625.565502
10082.677959
9653.441452
9609.840477
6738.544474
7522.190462
7521.624671
7537.499058
7796.663028
8257.638315
9175.153684
8241.984670
8915.834522
8631.106508
9112.447603
9364.172675
9288.500836
9757.049468
9903.931861
9650.646593
10256.410256
10228.086325
10074.551682
9859.016070
9516.558812
9837.678308
9863.878477
10469.011725
10462.439841
9880.446596
10193.679918
10032.102729
9311.853990
9547.450831
9478.672986
9521.089213
9917.683229
9920.634921
9636.696540
9897.070467
9609.840477
9449.116508
10236.462279
10302.905419
9788.566954
9702.144174
9746.588694
9487.666034
9895.111815
9954.210631
9696.499564
9839.614287
9824.147755
9756.097561
9864.851534
9905.894007
9672.115292
9652.509653
9511.128020
9307.520477
7827.175955
10077.597501
9655.305590
10428.616123
10492.078481
10611.205433
9787.608887
10290.183165
10315.659171
9314.456036
9981.036032
10179.153094
8937.349182
8571.918395
9149.130833
9823.182711
10007.004903
10148.163182
9347.541597
9578.544061
9613.535858
9804.882832
10252.204224
10277.492292
10111.223458
10574.177858
10148.163182
9999.000100
10239.606799
10442.773601
10169.836266
10737.678514
10479.983232
10231.225701
9958.175662
10084.711577
10039.152696
9113.278046
9579.461634
9681.479330
9564.801530
9533.797311
9703.085581
9310.986965
9738.046548
9149.967975
9057.150620
9731.413001
9240.436149
9410.878976
9557.488292
9481.369110
9048.954846
9624.639076
9492.168961
9642.271719
10225.994478
9983.028851
9894.132779
9654.373431
9703.085581
10020.040080
10068.465566
10050.251256
9869.719700
10388.531062
10117.361392
10178.117048
10300.782859
10282.776350
10350.895352
9988.014383
9935.419771
10241.704220
9527.439024
10182.262499
10053.282397
9373.828271
9988.014383
9908.838684
9579.461634
10265.886459
10267.994661
9416.195857
10108.157283
10220.768602
9887.284952
10109.179135
9914.733294
9807.767752
10207.206288
10165.700925
9804.882832
9886.307464
10030.090271
9773.260360
9754.194304
9607.070804
7741.735697
9264.406152
10028.078620
9606.147935
10085.728694
10131.712259
10229.132570
7443.799315
7992.327366
8410.428932
9213.193293
9757.049468
9573.958832
10181.225820
10209.290454
10084.711577
10126.582278
10370.216738
10154.346060
9714.396736
9777.082519
9577.626664
9277.298451
9462.528388
9632.055481
9634.839580
8778.860504
9311.853990
9832.841691
9630.200308
8817.564589
10197.838058
10485.477614
10521.885522
9387.027129
10167.768175
10500.892576
9672.115292
9991.008093
10444.955087
10547.410611
10778.184954
10554.089710
10346.611485
10249.051963
10311.404413
10016.025641
9504.799924
9561.143513
10441.683199
9950.248756
10578.652280
10234.367004
9719.117504
10363.768266
10136.847440
9329.228473
10520.778538
10138.902971
9599.692810
10623.605652
10585.371017
10266.940452
9855.129595
10059.350166
10135.819988
9633.911368
10047.221943
10308.215648
9814.505840
10287.007510
10178.117048
9734.254843
10225.994478
10231.225701
9929.500546
10205.122972
10082.677959
9730.466089
10099.989900
9454.476695
9217.439395
9563.886764
9613.535858
9752.291789
9469.696970
9416.195857
9417.082588
9295.408068
9333.582229
7184.424168
8017.960231
8599.191676
9314.456036
9239.582371
9990.009990
9738.994936
8788.890842
9981.036032
9558.401835
10239.606799
10102.030508
10009.008107
10119.409027
10260.619741
9745.638827
10409.076715
10385.294423
9854.158455
7439.369141
9109.957183
8530.967412
8194.706220
8653.513326
9799.118079
9776.126699
10078.613183
10011.012113
10077.597501
10356.255178
9982.032342
10067.451928
10442.773601
10129.659643
9776.126699
9771.350401
9634.839580
9436.633009
10650.761529
9900.990099
10615.711253
10580.890911
9942.334460
9291.953169
10326.311442
10340.192328
10069.479408
9949.258780
10125.556906
9889.240506
10641.694158
10687.186064
18946.570671
13399.437224
9359.790341
9558.401835
9464.319515
9451.795841
9563.886764
9535.615524
10177.081213
9978.048294
9776.126699
10207.206288
10387.451958
9948.269001
10140.959335
10061.374384
9850.275808
9816.432708
9699.321048
9699.321048
9905.894007
9806.805923
9732.360097
9311.853990
9704.027171
9966.115208
9791.442279
9568.462348
7687.576876
8042.464211
7996.801279
8354.218881
9423.294384
10078.613183
8854.258899
10061.374384
9980.039920
10203.040506
10646.225913
10759.629869
10508.617066
10474.494606
10252.204224
10700.909577
9853.187506
10293.360782
9879.470460
9358.914366
9770.395701
9651.578033
9771.350401
9668.374746
10455.876202
8761.938141
9875.567845
10349.824053
9541.074325
9296.272195
10327.377879
9818.360334
10255.358425
10019.036169
9519.276535
9719.117504
9531.071292
8398.421097
9088.430428
9478.672986
9551.098376
9790.483650
9786.651008
9656.237930
9638.554217
9876.543210
9925.558313
9751.340809
9562.972172
9774.215619
10002.000400
9943.323059
9517.464547
9749.439407
9776.126699
10439.503080
10058.338363
10081.661458
6854.479402
7842.522155
8796.622097
9017.132552
8216.926869
9465.215334
8766.546857
9839.614287
9606.147935
9873.617694
9739.943508
9822.217857
7220.737959
7223.345854
7822.889775
7407.407407
7817.997029
7879.599716
8397.715821
8265.145880
9186.954525
8855.042947
8948.545861
8544.817568
9399.379641
9877.518767
9864.851534
9988.014383
9818.360334
7031.359865
6773.232186
6994.963626
7659.313725
7816.163827
7883.948281
8190.008190
8214.901832
8910.273545
8915.039672
8758.868354
9435.742593
9047.317470
10358.400663
10353.038617
10311.404413
10159.504216
10119.409027
9762.764815
9384.384384
9779.951100
9982.032342
9832.841691
9838.646202
9787.608887
9720.062208
9887.284952
9859.016070
9838.646202
9973.072704
7720.815318
9696.499564
9868.745682
10292.301359
8977.466559
10278.548669
9099.181074
10030.090271
9696.499564
10067.451928
9909.820632
9807.767752
9569.377990
9607.070804
9549.274255
9526.531390
9962.143853
9920.634921
10025.062657
9979.044008
10351.966874
10293.360782
10207.206288
10016.025641
10295.480284
10322.047894
10722.710701
8039.231449
7174.630507
7923.930269
8765.010080
8833.141949
9159.186664
8194.706220
9277.298451
9260.116677
9314.456036
9111.617312
9128.251940
10061.374384
10505.305179
10475.591871
10690.613641
7429.972509
8969.414297
8086.689309
7892.659826
8038.585209
8009.611534
7789.982083
7755.545215
7648.768548
9351.912466
8302.200083
7369.739848
7244.801855
7352.941176
7885.191610
8611.780916
8883.361464
8983.111750
9326.618168
9286.775632
9561.143513
9435.742593
9042.408898
7813.720894
8549.200650
9788.566954
10047.221943
9956.192752
10057.326763
10231.225701
10197.838058
10172.939980
9966.115208
9960.159363
9953.219867
9876.543210
9825.112989
9307.520477
9635.767971
9596.928983
9640.412610
10164.667615
10521.885522
9989.012087
10355.182769
10361.620557
10259.567046
10026.067776
10027.073097
8098.477486
9621.860868
9712.509713
9730.466089
9344.921035
9791.442279
9848.335631
9719.117504
9748.488984
9707.795360
9766.578767
9762.764815
10388.531062
9864.851534
10032.102729
9840.582562
10128.633647
9767.532721
10024.057739
9397.613006
9909.820632
9898.050084
10263.779123
9532.888465
10288.065844
10103.051121
9378.223764
10104.071941
9834.775767
9541.984733
7486.150621
9402.914904
9365.926758
9648.784253
9620.935155
9446.438693
9354.536950
9279.881218
9092.562284
9687.106461
8973.438622
9302.325581
9715.340523
9486.765961
9576.709443
9634.839580
9466.111321
9561.143513
9624.639076
9381.743128
9254.974549
9350.163628
9695.559434
9202.171713
9210.647509
8950.948801
9621.860868
9420.631182
9030.160737
9355.412106
9521.995810
9759.906305
9690.861518
9676.795045
10302.905419
9912.767645
10157.440325
7849.293564
7546.600257
8239.268353
8830.801837
9137.426901
8896.797153
5884.429799
6805.962023
7140.816909
8036.647111
8383.635144
8256.274769
8945.343948
8734.387283
9277.298451
9002.520706
8716.116099
9383.503800
8927.774306
9777.082519
9604.302728
9725.734293
9458.948165
9557.488292
9261.831990
8377.314233
9523.809524
9754.194304
9818.360334
9720.062208
9772.305287
9785.693316
9658.103149
9918.666931
9866.798224
9859.988168
10026.067776
9725.734293
10666.666667
10275.380189
9930.486594
9738.994936
9848.335631
9697.439876
9529.254812
9564.801530
9386.146048
9482.268159
9582.215408
9573.958832
9607.070804
9698.380370
10087.763543
8798.169981
9897.070467
9922.603691
9755.145839
9619.084263
9720.062208
8826.125331
8020.532563
8158.603247
7506.380423
7583.225904
7451.009612
7748.934522
8059.316570
8631.851532
9121.590805
9208.951100
9353.661959
8250.144378
9785.693316
9041.591320
9762.764815
9885.330170
9970.089731
10127.607859
10106.114199
10165.700925
10325.245225
10038.144951
10108.157283
10232.272588
10106.114199
10244.851962
10130.685847
10095.911156
10267.994661
10305.028854
7093.204710
8522.969403
8057.368463
8510.638298
9609.840477
9607.993851
9813.542689
10097.950116
10101.010101
10012.014417
10101.010101
10106.114199
10087.763543
10006.003602
9973.072704
10019.036169
10104.071941
9928.514694
9925.558313
10086.746016
9972.078181
9993.004897
9958.175662
9888.262632
10034.115994
10037.137408
9939.369844
9834.775767
9927.529038
9971.083857
9975.062344
6918.978759
10049.241282
10161.568946
10040.160643
10089.799213
9537.434430
9926.543578
9901.970492
10283.833813
10215.548064
10054.293183
10184.336490
10258.514567
10135.819988
10053.282397
10096.930533
10192.640913
10464.629552
10293.360782
10569.707219
10504.201681
10474.494606
10500.892576
10366.991499
10593.220339
10067.451928
10214.504597
10360.547037
10316.723409
10235.414534
10252.204224
10299.721908
9880.446596
9821.253192
9928.514694
9997.000900
10227.040295
10466.820180
10392.849719
10351.966874
10362.694301
8426.729586
7203.054095
7182.360124
7329.228965
7897.022822
8328.475056
8547.008547
9243.852838
8522.969403
9447.331129
9613.535858
9038.322487
10094.891985
9754.194304
10507.512872
10542.962572
10498.687664
10524.100189
10554.089710
10406.910188
10561.892691
10546.298249
10498.687664
10571.942066
10743.446498
10735.373054
10775.862069
6434.592369
6386.919589
6653.359947
6773.232186
7365.397363
8194.706220
8319.467554
7988.496565
8486.082824
8582.217645
8785.030308
7709.505821
8866.820358
8078.196946
9341.429239
9745.638827
9396.729938
10036.130068
8277.460475
7897.022822
8906.305664
9181.050312
9541.984733
10037.137408
10258.514567
8759.635599
9640.412610
9934.432744
9884.353069
10041.168792
10036.130068
10098.969905
9988.014383
9980.039920
9915.716411
10059.350166
10012.014417
9986.019573
9971.083857
10046.212578
9980.039920
10141.987830
10356.255178
10497.585555
10380.982041
10564.124234
10515.247108
10503.098414
10605.578534
10475.591871
10364.842454
10366.991499
10444.955087
10223.903486
9486.765961
9625.565502
9811.616954
9717.228646
9097.525473
7810.669374
10354.110582
10308.215648
9746.588694
10200.958890
10196.798205
10197.838058
10289.124396
10294.420424
10094.891985
10358.400663
11168.192986
20206.102243
19743.336624
18515.089798
11070.519207
9400.263207
9326.618168
9614.460148
9187.798603
8938.946992
9910.802775
9521.089213
9776.126699
9718.172983
9631.127805
9174.311927
9575.792397
9834.775767
9594.166747
10018.032458
9829.942003
9718.172983
9527.439024
9437.523594
9335.324869
9156.670635
9649.715333
9959.167414
9704.027171
9558.401835
9369.436897
10017.028949
10024.057739
9554.748710
9447.331129
9888.262632
9970.089731
10203.040506
9639.483324
9971.083857
9670.244657
9910.802775
9788.566954
10373.443983
9972.078181
10065.425264
10084.711577
10095.911156
9373.828271
7266.385700
8787.346221
9279.881218
8636.324380
8941.344778
8322.237017
9831.874939
9257.544899
9321.401939
9591.406100
9176.837662
9512.032721
9322.270905
9245.562130
9457.159069
9769.441188
9218.289086
9031.791908
9920.634921
9838.646202
10208.248265
9895.111815
10217.635639
9190.331771
9517.464547
9604.302728
9533.797311
9241.290084
9650.646593
10158.472166
9661.835749
9021.199820
9571.209801
9828.975821
9964.129135
9740.892266
9795.278676
9724.788486
9580.379383
7453.230976
9137.426901
9517.464547
8010.894817
8453.799983
8230.452675
9344.047842
9573.042313
9717.228646
9801.038910
9766.578767
9594.166747
9751.340809
10611.205433
10000.000000
9769.441188
9733.307378
9778.994719
9689.922481
9723.842863
9377.344336
9602.458229
9778.994719
9670.244657
9409.108017
9379.983116
9797.198001
9696.499564
9702.144174
6427.148274
7093.204710
7460.459564
7036.307346
7793.624815
8164.598302
8322.237017
8412.551527
8984.725966
9163.383121
8165.931733
7822.277847
8707.767328
9004.141905
8114.907084
8930.166101
8688.097307
9806.805923
9348.415444
9440.196356
8963.786303
9192.021325
9058.791557
8907.098958
9178.522258
9043.226623
8994.423457
8987.956139
7545.461405
5723.770820
6616.819956
6699.269780
7768.197001
8142.659393
7932.730446
7997.440819
8899.172377
8530.239700
9144.111192
8557.247989
9358.914366
9154.994049
8826.125331
9459.842967
10011.012113
10091.835705
10022.048507
10098.969905
10184.336490
10081.661458
10023.053022
9981.036032
10040.160643
10036.130068
10454.783063
10441.683199
9787.608887
9801.038910
5459.111257
6087.168249
6315.523557
6260.956674
5797.437533
5840.780328
6738.090425
7414.547342
7382.253064
7263.746641
7999.360051
8153.281696
8494.011722
6284.565108
6425.496370
6353.643815
7127.075761
7314.753859
7190.623427
7847.445656
6690.753379
6940.106878
7785.130401
8504.124500
8707.009142
8948.545861
8043.758044
8864.462370
9298.000930
9815.469179
9964.129135
10095.911156
9810.654371
9690.861518
9723.842863
9752.291789
9932.459277
9756.097561
9716.284493
9918.666931
9812.579727
9801.038910
9796.238245
9889.240506
9256.687957
8934.155276
9358.914366
9537.434430
10003.000900
10213.461342
10013.016922
10179.153094
10150.223305
10044.194456
10194.719135
8076.892012
9395.847036
9748.488984
9561.143513
9705.910900
9596.928983
9904.912837
9391.435011
8261.731659
9959.167414
9394.964299
9678.668215
9401.146940
9552.010698
9378.223764
9549.274255
9244.707405
9486.765961
9104.980424
9522.902581
9183.579759
9436.633009
8927.774306
8938.148016
9058.791557
9732.360097
9655.305590
9240.436149
8950.948801
8296.689621
8586.639189
8663.259118
8882.572393
9243.852838
9040.773890
9009.820705
9129.085266
9135.757354
9248.982612
9192.866336
9033.423668
9373.828271
9263.547939
9203.865624
9325.748391
9262.689885
7585.526815
6801.795674
7858.546169
8656.509695
8361.204013
8553.588230
8845.643521
8768.084174
9748.488984
10158.472166
10266.940452
9418.856551
10007.004903
9949.258780
9969.095803
10066.438494
9838.646202
9913.750372
9841.551028
9819.324430
9725.734293
9701.202949
9939.369844
10382.059801
9947.279419
10108.157283
9908.838684
9484.066768
9469.696970
9909.820632
9645.992090
9591.406100
9647.853353
9390.553104
9453.582908
10434.056761
10294.420424
10683.760684
10794.473230
10830.715910
10583.130490
10518.565268
10026.067776
10028.078620
9999.000100
10125.556906
9839.614287
10158.472166
6067.961165
6954.102921
7160.246312
7551.159103
8532.423208
8537.522411
8085.381630
8846.426044
9409.108017
8976.660682
8477.449983
9948.269001
9595.087315
10173.974972
10159.504216
10078.613183
10241.704220
10303.967027
10213.461342
10006.003602
9876.543210
10422.094841
10554.089710
10330.578512
9951.238929
9417.969486
9521.995810
9767.532721
9525.623928
9818.360334
9685.230024
9527.439024
9801.038910
9766.578767
9211.495947
9674.922601
9662.769350
9795.278676
9749.439407
9785.693316
9776.126699
9778.994719
9030.976249
7392.622163
9868.745682
9901.970492
9952.229299
9634.839580
9845.426799
9701.202949
9890.218574
9607.993851
9933.445912
9902.951079
9930.486594
9688.044953
9639.483324
9143.275121
9853.187506
9796.238245
9828.009828
10021.044193
9559.315553
9347.541597
9358.914366
9460.737938
9090.082720
9544.716999
9119.095386
8577.800652
8490.405841
8473.858148
8654.262224
8905.512512
9433.072352
9641.342075
9680.542110
9727.626459
9562.972172
9894.132779
9665.571235
10063.399416
10057.326763
10190.563538
10298.661174
10369.141435
10137.875101
10370.216738
10271.158587
8771.160425
6288.912647
6683.598449
6642.311524
6077.918921
7288.098535
7370.826270
7716.049383
7900.766374
8288.437630
8716.875872
9237.875289
8368.901163
9778.994719
9565.716472
8567.511995
8833.141949
9380.863039
8896.797153
9928.514694
10341.261634
10104.071941
10350.895352
10234.367004
10446.046172
10372.368012
8925.383792
6427.148274
8056.719304
8175.277959
8634.087377
8979.078747
9296.272195
9260.116677
9284.189026
9405.568096
9226.794612
10172.939980
10001.000100
9589.566552
9886.307464
9759.906305
9162.543522
9876.543210
10008.006405
9289.363679
9833.808634
9600.614439
9379.983116
9912.767645
10139.931048
10055.304173
9202.171713
6342.360627
7075.638576
6100.164704
6348.803251
6480.881400
7102.777186
7265.857735
7514.277127
7405.761683
7929.585283
7217.610971
8051.529791
8171.269815
8143.322476
8394.895903
9160.864786
8566.044201
8570.449092
9921.619208
9832.841691
10180.189352
10212.418301
10375.596597
9713.453133
9679.605072
9643.201543
9330.098899
9947.279419
9737.098345
9945.300845
9748.488984
10006.003602
9666.505558
9708.737864
9742.790335
9904.912837
9607.070804
9660.902328
9757.049468
7410.701052
9174.311927
9940.357853
9774.215619
9821.253192
9674.922601
9900.009900
9718.172983
9954.210631
10373.443983
10277.492292
9802.960494
9952.229299
10313.531353
10552.975939
9666.505558
10007.004903
9793.360102
10156.408694
9988.014383
9985.022466
10093.873019
10066.438494
10138.902971
9738.994936
9845.426799
10060.362173
10248.001640
9582.215408
9922.603691
10168.802115
10179.153094
10070.493454
10017.028949
10023.053022
9438.414346
9796.238245
9725.734293
9694.619486
10055.304173
9391.435011
9393.199324
9046.499005
9825.112989
10864.841373
19033.117625
19171.779141
19327.406262
19353.590091
12056.908609
9226.794612
9154.994049
9242.144177
10329.511414
10479.983232
10312.467774
9987.016878
10033.109261
10241.704220
9123.255177
9716.284493
9172.628875
9347.541597
9414.422896
9271.277582
9208.951100
10139.931048
10070.493454
9801.038910
9823.182711
9980.039920
9801.038910
9847.365830
9632.983335
9822.217857
9642.271719
9512.937595
9864.851534
10155.377272
10213.461342
10256.410256
9449.116508
9962.143853
10370.216738
10199.918401
10257.462304
10099.989900
10143.016533
10265.886459
9629.272990
10242.753252
10094.891985
9652.509653
10063.399416
10077.597501
10039.152696
10246.951532
10048.231511
9801.038910
10155.377272
8503.401361
9375.585974
9856.100926
9739.943508
9293.680297
10054.293183
10353.038617
10163.634516
9728.572818
10071.507705
10385.294423
10356.255178
10136.847440
10098.969905
10318.852544
6671.559143
7317.965606
8200.754469
8016.032064
7959.248647
8019.246191
8768.084174
8009.611534
7848.677498
8205.464840
8058.667096
8334.027836
9254.118083
9277.298451
9249.838128
9673.986650
9579.461634
10060.362173
10180.189352
10159.504216
9874.592673
9885.330170
9852.216749
9729.519362
9930.486594
8803.591865
6257.822278
7451.009612
7922.047057
8162.598972
9596.008061
9773.260360
10158.472166
10359.473739
10544.074230
10596.587899
10617.965598
10626.992561
10588.733587
9702.144174
10260.619741
10774.701002
10638.297872
10736.525660
10490.977759
10500.892576
10159.504216
10647.359455
10739.984964
10392.849719
10501.995379
10505.305179
10526.315789
10497.585555
10584.250635
10546.298249
10513.036165
10573.059844
10496.483678
10554.089710
10632.642212
10565.240359
10412.328197
10545.186123
10455.876202
10423.181155
10464.629552
10499.790004
10372.368012
10417.751849
10467.915838
10471.204188
10443.864230
10570.824524
10510.826151
6669.779230
6246.096190
6581.978543
6749.915626
6604.583581
6667.111141
7471.607890
7671.653241
8894.423197
8087.997412
8380.824673
8451.656525
8848.774445
8568.246080
9047.317470
10007.004903
10121.457490
10188.487010
10126.582278
10070.493454
10079.629070
7799.703611
8901.548870
9808.729769
9960.159363
9868.745682
10188.487010
10331.645831
10036.130068
10339.123242
9851.246183
10248.001640
10269.049086
9989.012087
10346.611485
9976.057462
10283.833813
10254.306809
10254.306809
10271.158587
10469.011725
10162.601626
10621.348911
10356.255178
10201.999592
9885.330170
10292.301359
9770.395701
10479.983232
10215.548064
10065.425264
9893.153937
10188.487010
10489.877268
10095.911156
10360.547037
10220.768602
10488.777009
10406.910188
10165.700925
10135.819988
10198.878123
10508.617066
10285.949393
10335.917313
10340.192328
10299.721908
10749.220682
10384.215992
10766.580534
10424.267695
10771.219302
10401.497816
10132.738879
9538.344143
9602.458229
9961.151509
10615.711253
10489.877268
10280.662075
10177.081213
10376.673239
10253.255409
10297.600659
10272.213662
10298.661174
10447.137484
10095.911156
10160.536476
10298.661174
10646.225913
10524.100189
10132.738879
9561.143513
9071.940488
9692.740138
9364.172675
9246.417013
9360.666479
9505.703422
9792.401097
9647.853353
8713.837574
8843.296781
10299.721908
10346.611485
9980.039920
9936.406995
10045.203415
10360.547037
10383.137784
10439.503080
10035.122930
9984.025559
10030.090271
10261.672653
10072.522160
9967.108542
10051.261433
10114.291494
9900.009900
10034.115994
9321.401939
10036.130068
10042.177144
10007.004903
9977.052779
9993.004897
10019.036169
10110.201193
9970.089731
9992.006395
9930.486594
10101.010101
10069.479408
10141.987830
9999.000100
9967.108542
10078.613183
10046.212578
9956.192752
10027.073097
10002.000400
10030.090271
9890.218574
10092.854259
9978.048294
10038.144951
9924.573243
10023.053022
9741.841208
9703.085581
9799.118079
9816.432708
9942.334460
9983.028851
10023.053022
10122.482033
10311.404413
10116.337886
10233.319689
10273.268954
10098.969905
10242.753252
10279.605263
10038.144951
10231.225701
10270.103728
9998.000400
10278.548669
10232.272588
10149.193139
10231.225701
10272.213662
10248.001640
10305.028854
10245.901639
10106.114199
10506.408909
10454.783063
9815.469179
10592.098295
10578.652280
10554.089710
10377.750104
10496.483678
10487.676980
10421.008754
10506.408909
10469.011725
10483.279170
10531.858873
10516.352929
10369.141435
10539.629005
10444.955087
10573.059844
10141.987830
10179.153094
10360.547037
10008.006405
10107.135638
10013.016922
9916.699722
7976.389886
8454.514711
7973.210014
8585.901949
8293.249295
8287.750704
8517.162082
8278.831029
8492.569002
9592.326139
10095.911156
9946.290034
8048.289738
5504.789167
6425.496370
6677.796327
7043.741636
7799.703611
7888.301649
8120.178644
8314.625426
8248.783304
8932.559178
8001.920461
8373.806733
8382.229673
9010.632546
9775.171065
9879.470460
9933.445912
9966.115208
9493.971328
9847.365830
9859.988168
10010.010010
9878.494517
9861.932939
9828.975821
9696.499564
14639.145074
8296.001327
8699.434537
8457.374831
8851.124093
8679.048776
8544.087491
9304.056569
9815.469179
9972.078181
9896.091044
9891.196835
9930.486594
9855.129595
9974.067425
9985.022466
9741.841208
9997.000900
10014.019627
9859.016070
10076.582023
9775.171065
9752.291789
9882.399447
9939.369844
9870.693910
10020.040080
9818.360334
10401.497816
9741.841208
10276.436132
9918.666931
10197.838058
10180.189352
10393.929945
10308.215648
10289.124396
10287.007510
10265.886459
9977.052779
6184.291899
6584.145378
8103.727715
7555.152614
7885.813422
7874.635798
8960.573477
8972.633468
9388.789785
8942.144326
5956.280898
7131.141696
7478.872186
7619.047619
7664.009810
8461.668641
9290.226682
9560.229446
9352.787131
8576.329331
10193.679918
9839.614287
10031.096399
10152.284264
9694.619486
9838.646202
7862.253322
6888.950124
7163.836951
7930.214116
8257.638315
8893.632159
8717.635777
8468.117537
6705.109293
6619.009796
7045.726767
7880.220646
8310.479515
8808.244517
8758.868354
9496.676163
8839.388314
9797.198001
9839.614287
9365.049635
8379.420144
9804.882832
8048.937540
8499.787505
8621.432882
9096.697899
9090.909091
9192.866336
7563.152322
9760.858956
10240.655402
10428.616123
10312.467774
10201.999592
10166.734445
10134.792743
10229.132570
10009.008107
10035.122930
9675.858732
9435.742593
10262.725780
10517.458982
10131.712259
10376.673239
10334.849111
10157.440325
9966.115208
6454.944487
7349.158521
7362.143856
7987.858455
8596.973865
8299.443937
8254.230293
8988.764045
8345.852112
9272.997033
9939.369844
9799.118079
9643.201543
9040.773890
9408.222787
9950.248756
10432.968179
10106.114199
10076.582023
9964.129135
9958.175662
10010.010010
9620.935155
9316.191541
9371.192953
8289.124668
9315.323707
9521.089213
10214.504597
9541.074325
9862.905612
9658.103149
9547.450831
10115.314586
9883.376161
9996.001599
10047.221943
10022.048507
10060.362173
10258.514567
9822.217857
10007.004903
9752.291789
9945.300845
10038.144951
10195.758564
9557.488292
9383.503800
10094.891985
10322.047894
10224.948875
10119.409027
10062.386798
10158.472166
9753.242953
7104.795737
7724.990344
7954.183901
8758.101244
8641.548566
9383.503800
9801.999608
9794.319295
6415.602746
6967.670011
7202.016565
7918.283316
8080.155139
5871.301080
6143.260843
6539.794650
7774.840616
7926.442613
7426.110203
7857.928650
8014.747135
7893.282816
8399.126491
8063.215610
8314.625426
9077.705156
8576.329331
9462.528388
8985.533291
9274.717121
9512.032721
9498.480243
10020.040080
10026.067776
10235.414534
10262.725780
10447.137484
10289.124396
10399.334443
10267.994661
10375.596597
10340.192328
10216.591745
10193.679918
10283.833813
10415.581710
10401.497816
10339.123242
10016.025641
10245.901639
10303.967027
9569.377990
9792.401097
9819.324430
9778.038525
9971.083857
9910.802775
9990.009990
9781.864423
10070.493454
9854.158455
9991.008093
7648.183556
9869.719700
10362.694301
10588.733587
9865.824783
9740.892266
9951.238929
9894.132779
10240.655402
10132.738879
9950.248756
9836.710604
9847.365830
9848.335631
9774.215619
6413.956770
7375.719133
7784.524366
6511.688481
6763.611769
6742.179072
7242.702977
8051.529791
7805.791898
8411.136345
8171.937566
8272.667108
8855.042947
9404.683532
8530.967412
9307.520477
8640.801866
9584.970766
9645.992090
9763.718024
9542.895314
10027.073097
9915.716411
9718.172983
10112.245930
10466.820180
10473.397570
10228.086325
10078.613183
9764.671419
9621.860868
9403.799135
9627.418889
9478.672986
10310.341272
9137.426901
9989.012087
10063.399416
10030.090271
9668.374746
9743.739647
9745.638827
9970.089731
9535.615524
9925.558313
9655.305590
9785.693316
9952.229299
9838.646202
9896.091044
9902.951079
8974.243920
8806.693087
9952.229299
10058.338363
10094.891985
10135.819988
10273.268954
10223.903486
10029.084345
9758.001561
9715.340523
9897.070467
9719.117504
9964.129135
9775.171065
9721.952168
9444.654326
9783.778495
9899.029895
10126.582278
10085.728694
7393.715342
6922.331441
7528.419785
7483.909594
8406.893653
7362.685908
8171.269815
8680.555556
8156.606852
9055.510278
8712.319219
9453.582908
9616.309261
9856.100926
10117.361392
10208.248265
10116.337886
10065.425264
10007.004903
10275.380189
10008.006405
9837.678308
9876.543210
9901.970492
9899.029895
9595.087315
9838.646202
9887.284952
9868.745682
9784.735812
9826.078412
9900.990099
9373.828271
9606.147935
10041.168792
10526.315789
9971.083857
10465.724751
9667.440062
9883.376161
10269.049086
10305.028854
10254.306809
10002.000400
9763.718024
9818.360334
9773.260360
9871.668312
9731.413001
9852.216749
15297.537097
17565.431231
17556.179775
10356.255178
9017.945712
9129.918744
9089.256499
9684.292078
9888.262632
9783.778495
9758.953840
9751.340809
9467.903806
9778.038525
9502.993443
10041.168792
9656.237930
10143.016533
9943.323059
9709.680552
7435.497063
6996.921355
7691.124442
8380.122350
8640.801866
8389.965601
8735.150245
8985.533291
8924.587238
8694.896096
9433.962264
9540.164091
9984.025559
9986.019573
10007.004903
10362.694301
10416.666667
10515.247108
10460.251046
10335.917313
10269.049086
10472.300764
10478.885047
9673.986650
8867.606633
8927.774306
9366.804046
10333.781131
10409.076715
10412.328197
10405.827263
9920.634921
8361.903169
8188.666885
8897.588753
8889.679083
9555.661730
9470.593806
9398.496241
9635.767971
9696.499564
9306.654258
8605.111436
9025.270758
9876.543210
9692.740138
9731.413001
9999.000100
9650.646593
10210.332857
7928.956549
8823.788935
9585.889571
10000.000000
9809.691976
9646.922632
9565.716472
9486.765961
9590.486238
9644.131546
9453.582908
9504.799924
9676.795045
9321.401939
9502.090460
9566.631589
9938.382031
10314.595152
9939.369844
10013.016922
10082.677959
10186.411327
9678.668215
9361.542782
9216.589862
9453.582908
9467.007479
9260.974254
9485.866060
9407.337723
10215.548064
10087.763543
10161.568946
10230.179028
9820.288716
9474.182852
10234.367004
9988.014383
9861.932939
10055.304173
9717.228646
9603.380390
9619.084263
9603.380390
9729.519362
10277.492292
10188.487010
10121.457490
10231.225701
10258.514567
9894.132779
10132.738879
9861.932939
9837.678308
10223.903486
10233.319689
9953.219867
10129.659643
9853.187506
9916.699722
9531.071292
9703.085581
8683.570684
9824.147755
9926.543578
9788.566954
9951.238929
8437.394533
6063.913650
6518.055012
7077.641730
8280.887711
8468.117537
8725.242125
8575.593860
8014.747135
5957.345407
8911.067546
8648.274669
8949.346698
8853.474989
9350.163628
9353.661959
10059.350166
10079.629070
10039.152696
9848.335631
9861.932939
9842.519685
9790.483650
9523.809524
9791.442279
9718.172983
9564.801530
9513.842641
9685.230024
9685.230024
9535.615524
9455.370651
9572.125969
9292.816653
10369.141435
10451.505017
10432.968179
10258.514567
10149.193139
10284.891494
9990.009990
9794.319295
9420.631182
6717.270101
7551.729346
8291.186469
8768.084174
8584.427848
9454.476695
9295.408068
9159.186664
8758.101244
8871.540099
8934.155276
9639.483324
9740.892266
9630.200308
9990.009990
9562.057755
9388.789785
10614.58443